iter time primal fd fdmin fdavg, lmo1 lmo2
0.0 0.0 76936.03918335043 0.0 0.0 0.0 0.0 0.0
100.0 0.04855456475 12.346878969348577 17.160945782397498 0.0 3210.5425733754146 50.0 50.0
200.0 0.10813941935 5.284593983935336 7.305916435866175 0.0 1626.155548103421 100.0 100.0
300.0 0.1815009751 2.5689946033361717 3.9618908120053993 0.0 1089.5197172258872 150.0 150.0
400.0 0.2757767044999999 1.5178746607099873 2.513131396081232 0.0 819.271009941559 200.0 200.0
500.0 0.38695199100000005 1.0167926942509553 1.8100617013219815 0.0 656.4920823810452 250.0 250.0
600.0 0.5102209895 0.7052972206487624 1.344715498252174 0.0 547.7014916737365 300.0 300.0
700.0 0.6412851472500001 0.5241874250588936 1.0608082027109302 0.0 469.850950296781 350.0 350.0
800.0 0.7786885065000001 0.40577617398276133 0.8657565558143929 0.0 411.38523091645624 400.0 400.0
900.0 0.9229161861499999 0.3274834794678575 0.7321758141458792 0.0 365.8652649555153 450.0 450.0
1000.0 1.0725979915500001 0.27156214815323276 0.632800884286133 0.0 329.41946475472923 500.0 500.0
1100.0 1.22895048885 0.2296549150632699 0.5558634706243605 0.0 299.58030252571126 550.0 550.0
1200.0 1.3898185157999998 0.19685075773032865 0.4935890514313049 0.0 274.70038130737305 600.0 600.0
1300.0 1.55494911525 0.17019483307516686 0.440634130189072 0.0 253.63783723606895 650.0 650.0
1400.0 1.7248460181000005 0.14847072852559146 0.39552970333671233 0.0 235.57641700136136 700.0 700.0
1500.0 1.9002908366500002 0.13062417337593996 0.356540232749135 0.0 219.91719805790487 750.0 750.0
1600.0 2.0782577293999998 0.11612563375498183 0.3244066764450208 0.0 206.21074008575283 800.0 800.0
1700.0 2.2597301951500004 0.10411190912418289 0.296399983415106 0.0 194.11314573111417 850.0 850.0
1800.0 2.4463785239999996 0.09369358187417633 0.2710612827051111 0.0 183.35677842629397 900.0 900.0
1900.0 2.6372408484000007 0.08514233884211107 0.24977728507714098 0.0 173.73023472123873 950.0 950.0
2000.0 2.832317743950001 0.07789144710700555 0.23111266618415235 0.0 165.0643947452806 1000.0 1000.0
2100.0 3.0333128618 0.07162906692144988 0.21439233933101165 0.0 157.22225488173703 1050.0 1050.0
2200.0 3.2360030865999994 0.0662578093654912 0.1997222624559947 0.0 150.09166448416514 1100.0 1100.0
2300.0 3.4456737728 0.06154986850390028 0.18651160372908854 0.0 143.5799778460429 1150.0 1150.0
2400.0 3.6576722442999996 0.05747653886855926 0.17439086135983348 0.0 137.6099619371171 1200.0 1200.0
2500.0 3.876000425200001 0.053930074936388385 0.16382140435602363 0.0 132.1167106459839 1250.0 1250.0
2600.0 4.097347225350001 0.05081755368382747 0.15443634982651364 0.0 127.04531540318355 1300.0 1300.0
2700.0 4.319940281699999 0.04811144047395455 0.14600592134637985 0.0 122.34897110936791 1350.0 1350.0
2800.0 4.546993489349999 0.04570259580473873 0.1384318298810012 0.0 117.98755551586541 1400.0 1400.0
2900.0 4.7769119331 0.043511026201597504 0.13142828233395154 0.0 113.92646653972682 1450.0 1450.0
3000.0 5.011294674149999 0.04159506516875901 0.12509313637438288 0.0 110.13571476478675 1500.0 1500.0
3100.0 5.250915407399999 0.039843324634255335 0.11957846083815812 0.0 106.58917483950077 1550.0 1550.0
3200.0 5.494904985250001 0.03826870223745467 0.11398367125073391 0.0 103.26398202929904 1600.0 1600.0
3300.0 5.74125558065 0.036832259923163795 0.10898871716094549 0.0 100.14003960382749 1650.0 1650.0
3400.0 5.9926950005999995 0.03551959245622645 0.10457842638805157 0.0 97.19961309306402 1700.0 1700.0
3500.0 6.245391130699999 0.03433787411126469 0.10030304165068031 0.0 94.42699054020432 1750.0 1750.0
3600.0 6.5043391529 0.033010595203866004 0.09498330944514825 0.0 91.80851595852951 1800.0 1800.0
3700.0 6.7711365974 0.03204068944323768 0.09150507911462236 0.0 89.33106381480312 1850.0 1850.0
3800.0 7.038596876950001 0.031160010372621887 0.08846105865923119 0.0 86.98384967291646 1900.0 1900.0
3900.0 7.310150796999999 0.03034084308829238 0.08564140792557448 0.0 84.75686712670606 1950.0 1950.0
4000.0 7.58479068025 0.029575502338696415 0.08290753353046951 0.0 82.64110847047557 2000.0 2000.0
4100.0 7.863042819300001 0.028868030754074587 0.08045211032387775 0.0 80.62844347627414 2050.0 2050.0
4200.0 8.145341081200002 0.02820808770302769 0.07804561445805644 0.0 78.71151594990381 2100.0 2100.0
4300.0 8.4330600428 0.02759116457333763 0.07582878393421041 0.0 76.88365402210515 2150.0 2150.0
4400.0 8.71971565985 0.027006322472031406 0.07369519376629327 0.0 75.13879001218115 2200.0 2200.0
4500.0 9.014481350299999 0.026458998580952253 0.07169707691558339 0.0 73.47139507192064 2250.0 2250.0
4600.0 9.3106093794 0.02594154328521575 0.06978389799698773 0.0 71.87642197421276 2300.0 2300.0
4700.0 9.611320835000003 0.02545279233457904 0.06813928014924879 0.0 70.34925252436888 2350.0 2350.0
4800.0 9.9132528353 0.024996574468324977 0.06641136454655752 0.0 68.88565246740728 2400.0 2400.0
4900.0 10.220906203 0.02456737923540494 0.06489125722614898 0.0 67.48173475879734 2450.0 2450.0
5000.0 10.53155003735 0.024161144432369296 0.06344829563919444 0.0 66.13392185783113 2500.0 2500.0
5100.0 10.8469267473 0.023775253132115596 0.06208165974123962 0.0 64.83891634587825 2550.0 2550.0
5200.0 11.162485816350001 0.02340342562498523 0.060766019812447225 0.0 63.59367413499898 2600.0 2600.0
5300.0 11.481607933799998 0.023045989461591372 0.059494786779955476 0.0 62.39537975450401 2650.0 2650.0
5400.0 11.804268294449999 0.022713821157564203 0.05834837587546528 0.0 61.24142815733484 2700.0 2700.0
5500.0 12.130810292900001 0.02239168045815635 0.05724868964817241 0.0 60.12940311044832 2750.0 2750.0
5600.0 12.460231207000001 0.02208416818089216 0.056193461800775626 0.0 59.057059939646315 2800.0 2800.0
5700.0 12.794877654699999 0.021788911800444136 0.05521958933159662 0.0 58.02231133359343 2850.0 2850.0
5800.0 13.12800493895 0.021505134771323133 0.05423701190994766 0.0 57.023214607563055 2900.0 2900.0
5900.0 13.465564866350002 0.021225462913222172 0.05360575422629098 0.0 56.05795815836058 2950.0 2950.0
6000.0 13.80542408165 0.020965761149987563 0.052379396367021235 0.0 55.12485017141854 3000.0 3000.0
6100.0 14.148867851449998 0.020710247050714697 0.05152322271239766 0.0 54.22231235348772 3050.0 3050.0
6200.0 14.4908843223 0.02046891228485776 0.05077166177081838 0.0 53.348865828076335 3100.0 3100.0
6300.0 14.833015947249999 0.02023108918112679 0.05001073528140239 0.0 52.50312623826331 3150.0 3150.0
6400.0 15.179064371199996 0.020004829620565236 0.04923426764602502 0.0 51.68379624037625 3200.0 3200.0
6500.0 15.524505020800001 0.019786438177629696 0.04860338937372912 0.0 50.88965784793902 3250.0 3250.0
6600.0 15.874616349650003 0.01957475156759924 0.047927929651432374 0.0 50.11956682305446 3300.0 3300.0
6700.0 16.22475099585 0.019369902306389918 0.04728729362994391 0.0 49.372447322176164 3350.0 3350.0
6800.0 16.57447707735 0.019169216544532776 0.046694096200073906 0.0 48.64728631116173 3400.0 3400.0
6900.0 16.9246487456 0.018973990143930704 0.04609234434597738 0.0 47.943129341635505 3450.0 3450.0
7000.0 17.276960692349995 0.0187848731579641 0.04552755357082763 0.0 47.259077091868924 3500.0 3500.0
7100.0 17.62995525615 0.018600159092167022 0.044926016330343724 0.0 46.59428048691687 3550.0 3550.0
7200.0 17.980661871149998 0.018420713492211225 0.0443975633668774 0.0 45.947937693302194 3600.0 3600.0
7300.0 18.3367446579 0.018245901294834495 0.043888231545017746 0.0 45.3192908176381 3650.0 3650.0
7400.0 18.693611917200002 0.0180764902467355 0.04337996612447774 0.0 44.707622834380444 3700.0 3700.0
7500.0 19.053083797850004 0.01791069189467304 0.04288197254138167 0.0 44.11225519716335 3750.0 3750.0
7600.0 19.408877920199995 0.017747277879408642 0.04244396534318669 0.0 43.532544696911756 3800.0 3800.0
7700.0 19.76848685215 0.017588465927075997 0.04196586624640127 0.0 42.96788115319843 3850.0 3850.0
7800.0 20.126746528149997 0.017434178678755945 0.04151692850305631 0.0 42.4176867922686 3900.0 3900.0
7900.0 20.486304937750003 0.017283837349611194 0.04107385994801517 0.0 41.88141224542669 3950.0 3950.0
8000.0 20.8495389234 0.017136613250943945 0.04064069755169906 0.0 41.3585358862511 4000.0 4000.0
8100.0 21.21344968925 0.016992806673299422 0.040283892384098866 0.0 40.84856204152236 4050.0 4050.0
8200.0 21.57532464895 0.016851757637403233 0.03988047413183769 0.0 40.35101864425892 4100.0 4100.0
8300.0 21.9380375069 0.01671254025803825 0.03946633332334942 0.0 39.86545669371003 4150.0 4150.0
8400.0 22.304930942400002 0.016577863033976497 0.0391126349779802 0.0 39.391448265693434 4200.0 4200.0
8500.0 22.671207918549992 0.01644506988101908 0.038762018909939966 0.0 38.92858611553848 4250.0 4250.0
8600.0 23.0385999934 0.016314949342720143 0.0383885329029552 0.0 38.47648149422113 4300.0 4300.0
8700.0 23.404191753599996 0.016186400200594104 0.03799326597777787 0.0 38.03476355625008 4350.0 4350.0
8800.0 23.771393007150003 0.01606131151382334 0.0376910906705617 0.0 37.60307836159073 4400.0 4400.0
8900.0 24.13696266805 0.01593825158132218 0.0373266453161859 0.0 37.18108789544533 4450.0 4450.0
9000.0 24.504501095149998 0.015818377240177782 0.03698417441962783 0.0 36.76846923152749 4500.0 4500.0
9100.0 24.873395404750006 0.015700250733415393 0.03667953125072377 0.0 36.364913781879565 4550.0 4550.0
9200.0 25.244163343000004 0.015583932295269488 0.036344481829171715 0.0 35.97012587198187 4600.0 4600.0
9300.0 25.613378358050007 0.015469695447056503 0.03603458628800413 0.0 35.58382280742756 4650.0 4650.0
9400.0 25.985749351199996 0.01535851057502229 0.03575709963244812 0.0 35.20573399487439 4700.0 4700.0
9500.0 26.35639442965 0.015247646793532521 0.03545386098657111 0.0 34.83560013824253 4750.0 4750.0
9600.0 26.726419464599996 0.015139749624096876 0.03518641410910123 0.0 34.47317272069221 4800.0 4800.0
9700.0 27.0992495556 0.0150339170310129 0.03491257244328103 0.0 34.11821365966374 4850.0 4850.0
9800.0 27.47200173875 0.014929413973723072 0.0346248471601496 0.0 33.770494490648694 4900.0 4900.0
9900.0 27.847267746249997 0.014825743380997392 0.03434904666792486 0.0 33.42979558959826 4950.0 4950.0
10000.0 28.222514149699997 0.01472496519484619 0.03409264956476566 0.0 33.09590650775609 5000.0 5000.0
