iter time primal fd fdmin fdavg, lmo1 lmo2
0.0 0.0 1.929171132070663e6 0.0 0.0 0.0 0.0 0.0
100.0 0.6685369019500002 31.593125396704085 36.260433940623955 0.0 79904.39582649143 50.0 50.0
200.0 1.30973978475 25.584439181249643 29.69674057352857 0.0 40363.75089298547 100.0 100.0
300.0 1.95564421075 22.341735587165438 27.585187183646706 0.0 27007.738331264612 150.0 150.0
400.0 2.60393891035 14.839795051286188 18.066924462597886 0.0 20295.790089344733 200.0 200.0
500.0 3.2617164739500004 13.31539988023819 16.293997594215945 0.0 16256.216591269516 250.0 250.0
600.0 3.92335052265 11.25510120634925 14.010709944256664 0.0 13558.363294447528 300.0 300.0
700.0 4.594906577249999 9.259995915626455 11.71780432368055 0.0 11628.799076586376 350.0 350.0
800.0 5.2725392717499995 7.458737199091871 9.631981194497694 0.0 10180.156181580895 400.0 400.0
900.0 5.962624638099999 5.9723510545405585 7.817593124206004 0.0 9052.493939782154 450.0 450.0
1000.0 6.66909558815 5.029515312960047 6.669973482719355 0.0 8149.76912544257 500.0 500.0
1100.0 7.391675850299999 4.359452164299946 5.852277339898338 0.0 7410.790823644156 550.0 550.0
1200.0 8.135063816899999 3.90023595585872 5.297601810266427 0.0 6794.7148976644075 600.0 600.0
1300.0 8.89524808275 3.5132647842721965 4.8277030062874715 0.0 6273.234756323244 650.0 650.0
1400.0 9.6715186906 3.211134171656808 4.46617280225306 0.0 5826.1164843967235 700.0 700.0
1500.0 10.4621469843 2.9502504934999356 4.150325862020884 0.0 5438.512418554465 750.0 750.0
1600.0 11.266259635199997 2.7134487274958574 3.859802016497472 0.0 5099.279345740684 800.0 800.0
1700.0 12.085159744450005 2.5103063081073342 3.6117893827408247 0.0 4799.89341912468 850.0 850.0
1800.0 12.92270234595 2.324279099888615 3.3811900738378604 0.0 4533.722505349913 900.0 900.0
1900.0 13.778346008900002 2.154775304734113 3.171133205058748 0.0 4295.528505676655 950.0 950.0
2000.0 14.655559591549997 2.002046472426714 2.978772164235553 0.0 4081.1200662521055 1000.0 1000.0
2100.0 15.555199478399999 1.8624019374690648 2.801269305192567 0.0 3887.1032226223483 1050.0 1050.0
2200.0 16.476893467900002 1.7370776183711794 2.6413636132051006 0.0 3710.7006621740734 1100.0 1100.0
2300.0 17.424907275000002 1.6225343382661463 2.493509199396076 0.0 3549.617430711459 1150.0 1150.0
2400.0 18.4079099398 1.518999050375839 2.358856538641711 0.0 3401.9407722220662 1200.0 1200.0
2500.0 19.42590065425 1.4252386911558463 2.2365949837578265 0.0 3266.0636621819644 1250.0 1250.0
2600.0 20.47915277995 1.340693088371886 2.1256073397547377 0.0 3140.6261218103796 1300.0 1300.0
2700.0 21.549564979 1.2619766886919397 2.0209456812434836 0.0 3024.469402662012 1350.0 1350.0
2800.0 22.6474219294 1.1903655565183886 1.925136496311111 0.0 2916.6000798113855 1400.0 1400.0
2900.0 23.76295527865 1.1253641013119924 1.8376996172677096 0.0 2816.1617572412792 1450.0 1450.0
3000.0 24.915135177000003 1.0656099432344048 1.756516568469125 0.0 2722.4120506236063 1500.0 1500.0
3100.0 26.089638428750003 1.0092440559551783 1.6791158096732315 0.0 2634.704267474357 1550.0 1550.0
3200.0 27.29047910645 0.9578851527360766 1.6081470024778959 0.0 2552.4724792701613 1600.0 1600.0
3300.0 28.52404429105 0.9102508788897623 1.5417043394135943 0.0 2475.219342510901 1650.0 1650.0
3400.0 29.791609082100006 0.8662858237494918 1.4799973688442154 0.0 2402.5059478011185 1700.0 1700.0
3500.0 31.087903811399997 0.8265966435906458 1.4243081804776077 0.0 2333.943564819497 1750.0 1750.0
3600.0 32.429457097500006 0.7901466949575635 1.37322712868287 0.0 2269.186607860377 1800.0 1800.0
3700.0 33.820486222599996 0.7567440507800746 1.3261963203627283 0.0 2207.9268083802053 1850.0 1850.0
3800.0 35.27629854620001 0.7257916479078209 1.2826868599199108 0.0 2149.8883250414224 1900.0 1900.0
3900.0 36.78606098249999 0.6971188707620543 1.242332885143369 0.0 2094.823573649727 1950.0 1950.0
4000.0 38.339356206299996 0.6703477782737426 1.2045511287920596 0.0 2042.50971009052 2000.0 2000.0
4100.0 39.95128145060001 0.6450523423658556 1.1687245610033028 0.0 1992.7456057655331 2050.0 2050.0
4200.0 41.60328444665 0.6211142276806536 1.1348493179272228 0.0 1945.3492622701206 2100.0 2100.0
4300.0 43.30711695234999 0.5982675715591256 1.1019742662576588 0.0 1900.1556014651242 2150.0 2150.0
4400.0 45.066332191499995 0.5763194904656569 1.0702684372244513 0.0 1857.0145321173145 2200.0 2200.0
4500.0 46.87961718369999 0.5552231720756965 1.0394986728706672 0.0 1815.7892974538042 2250.0 2250.0
4600.0 48.723749894899996 0.5353651184776526 1.0103508901874334 0.0 1776.355033439099 2300.0 2300.0
4700.0 50.6187754593 0.5167041158872092 0.9829593818104966 0.0 1738.597512663323 2350.0 2350.0
4800.0 52.541295115000004 0.4987103902991036 0.9562902362587584 0.0 1702.4120011627588 2400.0 2400.0
4900.0 54.504344084550006 0.4816082708955244 0.9307712275106639 0.0 1667.7023153951884 2450.0 2450.0
5000.0 56.4786396141 0.46534069301978515 0.9063715904234945 0.0 1634.37996350772 2500.0 2500.0
5100.0 58.48212577190001 0.44966071335222957 0.8825873133290605 0.0 1602.3633858305398 2550.0 2550.0
5200.0 60.50248372904999 0.4345957576650458 0.8595090675410804 0.0 1571.577290992058 2600.0 2600.0
5300.0 62.54620923750001 0.4202307865945113 0.8372875906803717 0.0 1541.9520701067656 2650.0 2650.0
5400.0 64.60534199545 0.40638835522322037 0.8157612382396083 0.0 1513.4232703698287 2700.0 2700.0
5500.0 66.68766496785 0.3931280375057624 0.7949296713109864 0.0 1485.931117854738 2750.0 2750.0
5600.0 68.7903147305 0.3804112486441648 0.774816420558212 0.0 1459.4201122898999 2800.0 2800.0
5700.0 70.90800774910001 0.3681654094381358 0.7551788439508684 0.0 1433.838643531233 2850.0 2850.0
5800.0 73.02799890985001 0.35646194917127283 0.7364175802385988 0.0 1409.1386590426844 2900.0 2900.0
5900.0 75.16493790715 0.3451787632820685 0.7179408532152048 0.0 1385.275363100086 2950.0 2950.0
6000.0 77.339517384 0.33444160333888767 0.7003242396887136 0.0 1362.2069451058303 3000.0 3000.0
6100.0 79.51283901410001 0.3241004929482691 0.6831994449500904 0.0 1339.8943362541509 3050.0 3050.0
6200.0 81.7098569711 0.3141854851087184 0.6666478337969253 0.0 1318.3009851188174 3100.0 3100.0
6300.0 83.92010010640001 0.30466274019433415 0.6506144376697856 0.0 1297.3926614495533 3150.0 3150.0
6400.0 86.13142741705 0.29557695139689993 0.6351615383627298 0.0 1277.1372730359708 3200.0 3200.0
6500.0 88.38711550069999 0.28677883359383466 0.6200690490150575 0.0 1257.5047008775143 3250.0 3250.0
6600.0 90.63402935270001 0.2784279833646985 0.6056630167089453 0.0 1238.4666511732967 3300.0 3300.0
6700.0 92.9102928057 0.27037933714102846 0.5916420102294913 0.0 1219.9965196172807 3350.0 3350.0
6800.0 95.19888240945001 0.2627081709576427 0.578200305958537 0.0 1202.0692663536365 3400.0 3400.0
6900.0 97.4984972322 0.25534810144381387 0.5651802695018999 0.0 1184.6613007526944 3450.0 3450.0
7000.0 99.83219045925 0.24832772960974614 0.5527204583017655 0.0 1167.7503825999856 3500.0 3500.0
7100.0 102.19060755379999 0.24158551381996746 0.5406582419103901 0.0 1151.3155212130523 3550.0 3550.0
7200.0 104.55672803284999 0.2351215957016545 0.5289800161329545 0.0 1135.3368921820174 3600.0 3600.0
7300.0 106.94693269474999 0.22894988423262957 0.5177844269535001 0.0 1119.7957576400588 3650.0 3650.0
7400.0 109.37594360985001 0.2229454467042073 0.506781689772286 0.0 1104.6743901041034 3700.0 3700.0
7500.0 111.82621397405 0.21719919899450657 0.49620658026773723 0.0 1089.9560075577729 3750.0 3750.0
7600.0 114.2822523993 0.21169137242089603 0.4859647308129119 0.0 1075.6247127283918 3800.0 3800.0
7700.0 116.7417425055 0.20640157475276827 0.4760714461658827 0.0 1061.6654316024783 3850.0 3850.0
7800.0 119.24379979165003 0.2013078344276959 0.46648009010785796 0.0 1048.0638642418367 3900.0 3900.0
7900.0 121.75028827015001 0.19641631484073477 0.457237940193016 0.0 1034.8064345077366 3950.0 3950.0
8000.0 124.29003028565 0.1917026428784293 0.44824940393159307 0.0 1021.8802434177038 4000.0 4000.0
8100.0 126.81942239344998 0.18715905435405097 0.4395040776232915 0.0 1009.2730294754707 4050.0 4050.0
8200.0 129.37834085975 0.18278743936162062 0.431061989876131 0.0 996.9731291347551 4100.0 4100.0
8300.0 131.96422251265 0.17855848711607822 0.4228065597903198 0.0 984.9694397804898 4150.0 4150.0
8400.0 134.5706129925 0.17449826692531328 0.4148614857509535 0.0 973.2513883559499 4200.0 4200.0
8500.0 137.1987056135 0.17058260647839768 0.40712921708489713 0.0 961.8088985559365 4250.0 4250.0
8600.0 139.83865264654997 0.16680388840152088 0.3996407666326451 0.0 950.632362997329 4300.0 4300.0
8700.0 142.49845303485 0.163136898338119 0.39228875042227057 0.0 939.7126148906661 4350.0 4350.0
8800.0 145.18601363785 0.15961592993359597 0.3852216641054028 0.0 929.0409045147319 4400.0 4400.0
8900.0 147.89414770804996 0.1562355004953001 0.37839018916932166 0.0 918.6088760897159 4450.0 4450.0
9000.0 150.60753993775 0.15294973474950535 0.37168142591310677 0.0 908.4085436491785 4500.0 4500.0
9100.0 153.33321756774998 0.14976668998339832 0.36516061144800976 0.0 898.4322724656694 4550.0 4550.0
9200.0 156.07593296815 0.1467042078649134 0.3588501161448287 0.0 888.6727598262662 4600.0 4600.0
9300.0 158.83145746689996 0.14373981711758116 0.35269131784079455 0.0 879.1230171000642 4650.0 4650.0
9400.0 161.62279859225004 0.1408720204138838 0.346711251939737 0.0 869.7763527951134 4700.0 4700.0
9500.0 164.43212597155 0.13808377040999162 0.34084701553636737 0.0 860.6263563591417 4750.0 4750.0
9600.0 167.24187193059998 0.13539184067444424 0.3351290809235654 0.0 851.666884773689 4800.0 4800.0
9700.0 170.08481537539996 0.1327797022109026 0.3295422520244705 0.0 842.8920485547594 4850.0 4850.0
9800.0 172.93847642689997 0.13026297871590364 0.32414856282865206 0.0 834.2961979370236 4900.0 4900.0
9900.0 175.79274001984996 0.12780766428707935 0.318828674535789 0.0 825.8739117867223 4950.0 4950.0
10000.0 178.66307145355 0.1254318062455524 0.3136526687700174 0.0 817.6199852255164 5000.0 5000.0
