iter time primal fd fdmin fdavg, lmo1 lmo2
0.0 0.0 695081.0801642935 0.0 0.0 0.0 0.0 0.0
100.0 0.2066657868 11.993135277356627 14.273620134137351 0.0 39.1491328253175 10.0 100.0
200.0 0.42281914835 6.3983526448703945 7.937879490740198 0.0 25.471378393540764 20.0 200.0
300.0 0.6480258964499999 4.3208272030621275 5.5488475812844005 0.0 19.351551907598598 30.0 300.0
400.0 0.8782977319 3.20778023115352 4.254490516250612 0.0 15.798844729075228 40.0 400.0
500.0 1.11180312285 2.4814117733546293 3.394597323406997 0.0 13.439560794743803 50.0 500.0
600.0 1.3484385121500002 1.9987254686656684 2.8217542802088005 0.0 11.738607813028775 60.0 600.0
700.0 1.58823568065 1.6380440402118968 2.376081399911643 0.0 10.446578135161072 70.0 700.0
800.0 1.83056588275 1.3594810794537968 2.0225041606637193 0.0 9.425825889730515 80.0 800.0
900.0 2.0749238970499997 1.1556375415677365 1.7603234535923722 0.0 8.595963136495364 90.0 900.0
1000.0 2.3213106659999996 0.9894528622944007 1.5434057019946898 0.0 7.907020381311394 100.0 1000.0
1100.0 2.5687641891000004 0.8636291546563732 1.374210107318418 0.0 7.325077095211345 110.0 1100.0
1200.0 2.8165450663 0.7550570118270953 1.2336389308310696 0.0 6.826480333003397 120.0 1200.0
1300.0 3.0646903844500004 0.6692162047127396 1.1062006156203088 0.0 6.393838649565449 130.0 1300.0
1400.0 3.31477170365 0.6005795887169657 1.0108753624991371 0.0 6.014883661336734 140.0 1400.0
1500.0 3.5655425325999994 0.5410176752088225 0.9249010697043504 0.0 5.680170439975378 150.0 1500.0
1600.0 3.8169460842 0.4940587431441684 0.861817980323161 0.0 5.382611289789787 160.0 1600.0
1700.0 4.0684208344 0.45595254113729355 0.8068060365755603 0.0 5.116351165484283 170.0 1700.0
1800.0 4.320490922349999 0.42066709982512035 0.7580034110097535 0.0 4.876773777755853 180.0 1800.0
1900.0 4.574239275799999 0.38921263743723833 0.7118900208514025 0.0 4.660038132259493 190.0 1900.0
2000.0 4.828061755350001 0.3619983436916382 0.6731192573307851 0.0 4.462562302841258 200.0 2000.0
2100.0 5.08378337565 0.33703120262795283 0.6368762384186243 0.0 4.2820689332556645 210.0 2100.0
2200.0 5.3398102147 0.31570886881622284 0.6055540450752046 0.0 4.116345348933817 220.0 2200.0
2300.0 5.597604592000001 0.2959706247949427 0.5768476779740632 0.0 3.9636742559314815 230.0 2300.0
2400.0 5.8571238470499996 0.2773020218555132 0.5491321142485139 0.0 3.8225141331543835 240.0 2400.0
2500.0 6.1174245873 0.2603018278895374 0.5225909735381528 0.0 3.691518491730688 250.0 2500.0
2600.0 6.37908323315 0.24587629413798046 0.5008557498370181 0.0 3.5696444702560393 260.0 2600.0
2700.0 6.642424631399999 0.22619292448540493 0.4675528017359345 0.0 3.46566453411392 270.0 2700.0
2800.0 6.908161345249999 0.21397906497337704 0.4486505010299339 0.0 3.3586810947081527 280.0 2800.0
2900.0 7.175584496249999 0.20252901313873103 0.4304054976127241 0.0 3.258434112727505 290.0 2900.0
3000.0 7.444274017050001 0.19196980504278133 0.4132891994803069 0.0 3.1641540607150063 300.0 3000.0
3100.0 7.713796754200001 0.18171275321680186 0.39583724877137916 0.0 3.0753891861772455 310.0 3100.0
3200.0 7.984201476850001 0.17278341219618024 0.3810925408360717 0.0 2.9916745210584668 320.0 3200.0
3300.0 8.253551002399998 0.16447415924588105 0.36716535966677477 0.0 2.9125792754279676 330.0 3300.0
3400.0 8.524050540249998 0.15622177785805422 0.352754624661053 0.0 2.8377052832966876 340.0 3400.0
3500.0 8.7938373134 0.14939244512721916 0.3417482918215774 0.0 2.766739056322967 350.0 3500.0
3600.0 9.063959129899999 0.14277094680851873 0.3302827782424823 0.0 2.6993896814073484 360.0 3600.0
3700.0 9.3365985954 0.13609276992023697 0.31803408359724694 0.0 2.635348491741992 370.0 3700.0
3800.0 9.611256288049999 0.13010447334772127 0.30720364986683507 0.0 2.5743715009581822 380.0 3800.0
3900.0 9.8848493524 0.12463900554115952 0.29749931830148957 0.0 2.516249640678781 390.0 3900.0
4000.0 10.159091834649999 0.11938787143958585 0.28794190053392743 0.0 2.4607894272871715 400.0 4000.0
4100.0 10.4347070525 0.11439503011358002 0.27870122015374776 0.0 2.4077983973713573 410.0 4100.0
4200.0 10.7100500854 0.10989522221595402 0.27040361494417364 0.0 2.3571468207918103 420.0 4200.0
4300.0 10.987491068799997 0.10542710434776419 0.261742085299856 0.0 2.3086237266637304 430.0 4300.0
4400.0 11.265397285050001 0.10130323691981742 0.25377190227739155 0.0 2.2621138108726564 440.0 4400.0
4500.0 11.545421432999998 0.09747865091989374 0.24652408051241795 0.0 2.217498154037245 450.0 4500.0
4600.0 11.825651067750002 0.09385319908784662 0.23945019650396962 0.0 2.174661701067465 460.0 4600.0
4700.0 12.106768087999999 0.09053749034115141 0.23314054807318313 0.0 2.1334975751941396 470.0 4700.0
4800.0 12.388787155299998 0.08717397253893218 0.22623000050128922 0.0 2.0939111636461116 480.0 4800.0
4900.0 12.672745770750002 0.08403163497212028 0.21983741021255598 0.0 2.055806458621402 490.0 4900.0
5000.0 12.954773521200002 0.08117539465960495 0.2141810138368317 0.0 2.019094434999252 500.0 5000.0
5100.0 13.236304224849999 0.07833287882911706 0.2081045403636749 0.0 1.9837110441724541 510.0 5100.0
5200.0 13.5192753224 0.07563300730749192 0.20215875839829844 0.0 1.9495668992637663 520.0 5200.0
5300.0 13.8042867623 0.07325046076438571 0.19736593104829944 0.0 1.9166118230789153 530.0 5300.0
5400.0 14.087331242900001 0.07084404441536063 0.19212818660378445 0.0 1.8847771051434117 540.0 5400.0
5500.0 14.371669760950002 0.06844290554576891 0.1866202202937818 0.0 1.854007028342728 550.0 5500.0
5600.0 14.6579832334 0.06634034221674803 0.1820538625990163 0.0 1.8242424051749138 560.0 5600.0
5700.0 14.943189951299999 0.0642888933717542 0.17743009499538756 0.0 1.7954382637643673 570.0 5700.0
5800.0 15.228389702699996 0.06148578023207681 0.17044917919388888 0.0 1.7675320542473405 580.0 5800.0
5900.0 15.516524511650001 0.05878856123995877 0.16373571450116559 0.0 1.7410928132136156 590.0 5900.0
6000.0 15.8054997022 0.05716945478173062 0.16033796669780415 0.0 1.714816855687625 600.0 6000.0
6100.0 16.0963435394 0.05565410866732764 0.15694832957791527 0.0 1.6893428389515894 610.0 6100.0
6200.0 16.38715432155 0.053416651925443516 0.15112761348985007 0.0 1.665136258102492 620.0 6200.0
6300.0 16.67964840705 0.05205501825538299 0.1483768832447649 0.0 1.6411172605831639 630.0 6300.0
6400.0 16.9738262995 0.05074573824795896 0.14535763601472193 0.0 1.6178036677816698 640.0 6400.0
6500.0 17.268101179450003 0.048728149517108646 0.13979943585483606 0.0 1.595615589644817 650.0 6500.0
6600.0 17.5632370276 0.04754373151249237 0.13703423089400554 0.0 1.5735711397263061 660.0 6600.0
6700.0 17.859857396749998 0.0464203482238857 0.13449613977552408 0.0 1.552142012732136 670.0 6700.0
6800.0 18.160502567749997 0.0453632415960511 0.13222261764647134 0.0 1.5313076355627342 680.0 6800.0
6900.0 18.4584581897 0.04432257804474519 0.12976667740714393 0.0 1.5110404168546812 690.0 6900.0
7000.0 18.756762443600003 0.04327212129782727 0.1271931392719509 0.0 1.491313724674913 700.0 7000.0
7100.0 19.054846214349997 0.04175797480215891 0.12304308430015491 0.0 1.4721123644205651 710.0 7100.0
7200.0 19.353450981299996 0.04080342589769586 0.12066776385379621 0.0 1.4533902911483831 720.0 7200.0
7300.0 19.6535001772 0.039914240907941004 0.11834370044938972 0.0 1.4351411749603817 730.0 7300.0
7400.0 19.951833421499998 0.03861577549261591 0.11439544832405853 0.0 1.4176803617594684 740.0 7400.0
7500.0 20.255409928399995 0.03787459688313753 0.11277354653417974 0.0 1.40031461787271 750.0 7500.0
7600.0 20.558910039749996 0.03711507249889689 0.11098653398067418 0.0 1.3833824235479086 760.0 7600.0
7700.0 20.862437141650005 0.036365533989435275 0.10897452076306413 0.0 1.3668654693472788 770.0 7700.0
7800.0 21.1683049474 0.034885881113624916 0.10562937017376531 0.0 1.3517790041100082 780.0 7800.0
7900.0 21.473357391900002 0.03426003407798607 0.10246018046799069 0.0 1.3359919483766587 790.0 7900.0
8000.0 21.7814526605 0.033635248270096015 0.10093805717739705 0.0 1.3205850121369873 800.0 8000.0
8100.0 22.089025050349996 0.03301196636892584 0.09925279114512842 0.0 1.3055339560182464 810.0 8100.0
8200.0 22.39850753245 0.03241423187602625 0.09776281957002815 0.0 1.2908314676461397 820.0 8200.0
8300.0 22.7086335679 0.03181582415412192 0.09616988152904873 0.0 1.276466999175088 830.0 8300.0
8400.0 23.018400769350002 0.0312857304620986 0.09489551337092536 0.0 1.2624238710154239 840.0 8400.0
8500.0 23.327226077699997 0.030762059940462643 0.09373572198637777 0.0 1.2486973544374662 850.0 8500.0
8600.0 23.636675883400006 0.030224625073729743 0.09218772006365158 0.0 1.2352725272433056 860.0 8600.0
8700.0 23.9444096334 0.029723946838541303 0.09096527874437238 0.0 1.2221432949869608 870.0 8700.0
8800.0 24.2563178845 0.029242754825174633 0.08989134138231668 0.0 1.2092965965380222 880.0 8800.0
8900.0 24.56653736175 0.0287494443501075 0.0884207060410004 0.0 1.1967240261032224 890.0 8900.0
9000.0 24.8759827883 0.02829632256213993 0.08737981052025492 0.0 1.1844166580690512 900.0 9000.0
9100.0 25.187606264899998 0.02784078764853906 0.08606942315032079 0.0 1.1723668490192134 910.0 9100.0
9200.0 25.4992794084 0.027403604390539838 0.08496989612283537 0.0 1.1605656756911544 920.0 9200.0
9300.0 25.81200837215 0.026963075619854497 0.08369253339098626 0.0 1.1490050345210903 930.0 9300.0
9400.0 26.1272992376 0.026552527479405695 0.08265027857227245 0.0 1.1376780055345268 940.0 9400.0
9500.0 26.443564849649995 0.025890462820630976 0.08033331816501746 0.0 1.1273331750927251 950.0 9500.0
9600.0 26.760671699549995 0.025513670147857714 0.07947281539189213 0.0 1.1164332233435983 960.0 9600.0
9700.0 27.078675867249995 0.025137185049572013 0.07829036895188571 0.0 1.105747064365412 970.0 9700.0
9800.0 27.397839755200003 0.024780875913124216 0.07737004649923979 0.0 1.0952685209511772 980.0 9800.0
9900.0 27.717184024849995 0.02443137080005987 0.0764511489976713 0.0 1.0849926800950769 990.0 9900.0
10000.0 28.0382173579 0.024085473428130423 0.07553582519811304 0.0 1.074912042628365 1000.0 10000.0
