iter time primal fd fdmin fdavg, lmo1 lmo2
0.0 0.0 695081.0801642935 0.0 0.0 0.0 0.0 0.0
100.0 0.26106232495000004 9.144522981018119 11.082669303282952 0.0 413.8680937769854 20.0 100.0
200.0 0.5234909271 7.196686140014897 9.054405668523305 0.0 216.88028286912223 40.0 200.0
300.0 0.7987712462999998 5.4822949475891685 7.199043486297777 0.0 148.4091399556315 60.0 300.0
400.0 1.0861899351499997 4.025708829624936 5.535152113369084 0.0 113.32835657763334 80.0 400.0
500.0 1.3868464909499998 2.825530391170621 4.080199815303866 0.0 91.82241748278621 100.0 500.0
600.0 1.7067428043499997 2.062067656835288 3.1213402027622137 0.0 77.23254011818321 120.0 600.0
700.0 2.0465193173 1.543517144042712 2.439563416544806 0.0 66.6673219763734 140.0 700.0
800.0 2.3969040907499997 1.1367833939105114 1.8805860746851575 0.0 58.67413572987446 160.0 800.0
900.0 2.7517928293 0.8337998770186216 1.6264467702052374 0.0 52.4216346933023 180.0 900.0
1000.0 3.1162092324 0.6162202832069965 1.0900068974683208 0.0 47.36938397180527 200.0 1000.0
1100.0 3.48430188955 0.46751429664105304 1.0060826588015335 0.0 43.19512024396916 220.0 1100.0
1200.0 3.85240027105 0.3433569339424441 1.9537183579714665 0.0 39.71984902483325 240.0 1200.0
1300.0 4.2348371906 0.3084901256182599 0.5583847031169352 0.0 36.72178335095691 260.0 1300.0
1400.0 4.625654883 0.274041422753802 0.5001623762042328 0.0 34.169847319058384 280.0 1400.0
1500.0 5.02412382535 0.25586278592154865 0.46969688609793386 0.0 31.93163324224775 300.0 1500.0
1600.0 5.429415340749999 0.23789047286568077 0.44059601662112985 0.0 29.986036304655116 320.0 1600.0
1700.0 5.8369086273 0.22566579324803643 0.41996849847391077 0.0 28.25246012350224 340.0 1700.0
1800.0 6.2539846999 0.2152112182488341 0.4022190109546365 0.0 26.709942376433975 360.0 1800.0
1900.0 6.673192092049999 0.20535545501997093 0.3939641299609874 0.0 25.328617928086654 380.0 1900.0
2000.0 7.095105500700001 0.19661514103292366 0.37398490153257613 0.0 24.084378734273514 400.0 2000.0
2100.0 7.521078135950001 0.18830270399389834 0.36570059289075457 0.0 22.9577433826328 420.0 2100.0
2200.0 7.952286527700001 0.18082092896010804 0.349831986478664 0.0 21.932713019671677 440.0 2200.0
2300.0 8.383719791049998 0.1737507019304623 0.3411093522652775 0.0 20.99632807293469 460.0 2300.0
2400.0 8.8163204435 0.1671746454313367 0.33377327557301817 0.0 20.137235300681343 480.0 2400.0
2500.0 9.25122665385 0.16086175209618267 0.3199213018487426 0.0 19.34630914866999 500.0 2500.0
2600.0 9.693088064549999 0.15501039705520644 0.31055365233194965 0.0 18.61575114418148 520.0 2600.0
2700.0 10.132488114949998 0.14955062129663352 0.30201207361175114 0.0 17.938887026023973 540.0 2700.0
2800.0 10.5803967937 0.14437190768218885 0.2927034939909003 0.0 17.309995091193123 560.0 2800.0
2900.0 11.031520666599999 0.13939423414049795 0.2843535876877515 0.0 16.72415101705046 580.0 2900.0
3000.0 11.485034917999998 0.13483756426322085 0.2773481108661796 0.0 16.176980444318893 600.0 3000.0
3100.0 11.94128849585 0.1303546848886415 0.2699035882389645 0.0 15.664848079175856 620.0 3100.0
3200.0 12.4004761102 0.12623755864644268 0.2627987363669429 0.0 15.18441736784129 640.0 3200.0
3300.0 12.856485903700001 0.12224234004819239 0.25611954973603657 0.0 14.732851577442759 660.0 3300.0
3400.0 13.32175467195 0.11847366503808546 0.2505575680759951 0.0 14.30761509784148 680.0 3400.0
3500.0 13.78550728815 0.11496290916556977 0.24376460552247553 0.0 13.906463180701648 700.0 3500.0
3600.0 14.251984383799998 0.11151203947468236 0.23823326276151874 0.0 13.527416828088407 720.0 3600.0
3700.0 14.71825590405 0.10825289900488318 0.2327874653763209 0.0 13.168664802430952 740.0 3700.0
3800.0 15.190826046499998 0.10522799099119844 0.22726251343245982 0.0 12.828654337893502 760.0 3800.0
3900.0 15.659482610000001 0.10225792553737627 0.2219164517271484 0.0 12.505904112054116 780.0 3900.0
4000.0 16.12955795365 0.09943583399272124 0.2177249997290583 0.0 12.19914047390119 800.0 4000.0
4100.0 16.6061796488 0.09669431233678663 0.21203247353149143 0.0 11.907206597854877 820.0 4100.0
4200.0 17.079050382200002 0.09410838140717336 0.20891447598031654 0.0 11.629044992717965 840.0 4200.0
4300.0 17.558397460499997 0.09166483045147666 0.20371971172538897 0.0 11.363701777642603 860.0 4300.0
4400.0 18.035965284550002 0.0892243347664472 0.19907413561565185 0.0 11.110305699056825 880.0 4400.0
4500.0 18.520595837699993 0.08692438317259936 0.19431583776303088 0.0 10.868053683823899 900.0 4500.0
4600.0 19.0064757065 0.08473109617259707 0.19062887286824792 0.0 10.636231726899775 920.0 4600.0
4700.0 19.492648573100002 0.08264660163327282 0.1862408163682872 0.0 10.414182464659895 940.0 4700.0
4800.0 19.979352191600004 0.0806388177591987 0.18267323393538581 0.0 10.201292187096332 960.0 4800.0
4900.0 20.46299552205 0.07866542383259209 0.17863736042530695 0.0 9.99700938543984 980.0 4900.0
5000.0 20.955665905500002 0.07680066657274588 0.17521437739997942 0.0 9.800813388258115 1000.0 5000.0
5100.0 21.448902108649996 0.0750020305582016 0.17268967343015812 0.0 9.612237002067621 1020.0 5100.0
5200.0 21.94482846795 0.07326545124030574 0.1682282710660581 0.0 9.430876791270805 1040.0 5200.0
5300.0 22.44227694235 0.07158543191093385 0.16586370283093538 0.0 9.256262272703738 1060.0 5300.0
5400.0 22.94411931685 0.06998556339861209 0.1623734240341685 0.0 9.088037391566425 1080.0 5400.0
5500.0 23.44187022594999 0.06846072575918768 0.15917201000670902 0.0 8.925868005676794 1100.0 5500.0
5600.0 23.938049999349996 0.06697828440806311 0.15577531099793912 0.0 8.769428402531641 1120.0 5600.0
5700.0 24.444632945450003 0.06551480903965859 0.17719451951836832 0.0 8.61846628036382 1140.0 5700.0
5800.0 24.9472402811 0.06415637473786004 0.15110374675938507 0.0 8.472613202415651 1160.0 5800.0
5900.0 25.45580417485 0.06283715220437361 0.14943466857960863 0.0 8.33165656057036 1180.0 5900.0
6000.0 25.9685907247 0.06156842046850684 0.14576120616701396 0.0 8.195350111566185 1200.0 6000.0
6100.0 26.4846103522 0.0603482527883446 0.142326554855088 0.0 8.063462040536615 1220.0 6100.0
6200.0 26.995569597950002 0.05914589546612712 0.13954713858088352 0.0 7.935787855293227 1240.0 6200.0
6300.0 27.50894795445 0.05803193676119871 0.13715001885043904 0.0 7.8121256368782985 1260.0 6300.0
6400.0 28.023683981249995 0.05689595011111118 0.13507211361023871 0.0 7.6922869243012695 1280.0 6400.0
6500.0 28.541313006649993 0.05581079365564218 0.13256976624280462 0.0 7.576094429554729 1300.0 6500.0
6600.0 29.0619634361 0.05477517982624157 0.13020081875638076 0.0 7.463386622865086 1320.0 6600.0
6700.0 29.586905985099992 0.05377049463293084 0.12835215846969875 0.0 7.35400635287939 1340.0 6700.0
6800.0 30.119515085800003 0.05281777200053113 0.12604407253682837 0.0 7.24781558479149 1360.0 6800.0
6900.0 30.644091134699988 0.05186074604969685 0.12488827623506346 0.0 7.14466565083349 1380.0 6900.0
7000.0 31.165811886350006 0.050960202125355805 0.12198563951262034 0.0 7.044430527261155 1400.0 7000.0
7100.0 31.688794110599996 0.0500383763389358 0.11975021718162751 0.0 6.947003974237206 1420.0 7100.0
7200.0 32.214794571999995 0.049183608167884064 0.11774139182861536 0.0 6.852263605566832 1440.0 7200.0
7300.0 32.746870934 0.04837181902842691 0.1163614179055549 0.0 6.760064662712741 1460.0 7300.0
7400.0 33.2729757236 0.04755325195443949 0.11603720722365343 0.0 6.6703354964647 1480.0 7400.0
7500.0 33.80468703235 0.04679069518726057 0.11247421207489205 0.0 6.582970778357732 1500.0 7500.0
7600.0 34.336256636349994 0.04605204333144725 0.11086311313267445 0.0 6.497880385104792 1520.0 7600.0
7700.0 34.87113667965001 0.0453129372967213 0.10999078867891676 0.0 6.414979673906461 1540.0 7700.0
7800.0 35.4088909845 0.04460940408301068 0.10780819468501197 0.0 6.334179973196973 1560.0 7800.0
7900.0 35.95208085685 0.04391521163677272 0.10596518438545717 0.0 6.255407560412702 1580.0 7900.0
8000.0 36.49893670515 0.043275566745798785 0.10440132573160739 0.0 6.178580128372327 1600.0 8000.0
8100.0 37.038563007200004 0.04222115227312186 0.10125099035194396 0.0 6.104813195068738 1620.0 8100.0
8200.0 37.590100976100004 0.0416218120945562 0.10060286148565738 0.0 6.031640329519109 1640.0 8200.0
8300.0 38.15117037820001 0.041032854611349714 0.09927093073269408 0.0 5.960224144745366 1660.0 8300.0
8400.0 38.70494551150001 0.04014368968266274 0.09663588915947041 0.0 5.891550224534702 1680.0 8400.0
8500.0 39.256703013650004 0.03960239905883145 0.09539811708524784 0.0 5.823405628942934 1700.0 8500.0
8600.0 39.81965910454999 0.0390800039547322 0.09396718841542752 0.0 5.756829610565225 1720.0 8600.0
8700.0 40.374215652800004 0.03854987453641963 0.09246043755370217 0.0 5.691770876908298 1740.0 8700.0
8800.0 40.93386153355 0.037747140414408034 0.09025237327886963 0.0 5.629181646822173 1760.0 8800.0
8900.0 41.49608330560001 0.037257729936400794 0.08901712449505622 0.0 5.566977139388858 1780.0 8900.0
9000.0 42.0661171286 0.036794213678007746 0.0880093347954832 0.0 5.506142052634582 1800.0 9000.0
9100.0 42.6370359136 0.03634469268963535 0.08708345189171048 0.0 5.446631191224747 1820.0 9100.0
9200.0 43.210480315699996 0.03589694785346612 0.08605895329762396 0.0 5.388402818975554 1840.0 9200.0
9300.0 43.7882141501 0.035467656926654295 0.08487390292799137 0.0 5.331413794401861 1860.0 9300.0
9400.0 44.357606141699996 0.03505355289524071 0.08396671721067081 0.0 5.275626251159921 1880.0 9400.0
9500.0 44.92536186535001 0.0346288642644798 0.08329482502219941 0.0 5.221002451890511 1900.0 9500.0
9600.0 45.4956519102 0.034229277885203156 0.08189145606518591 0.0 5.167505307994612 1920.0 9600.0
9700.0 46.07396541985 0.03383059364391737 0.08096198828298448 0.0 5.115100428176303 1940.0 9700.0
9800.0 46.653920305599996 0.03344636425696095 0.08020068703198853 0.0 5.063754746759504 1960.0 9800.0
9900.0 47.232955768 0.03306532429325468 0.07906982336263031 0.0 5.013442662342269 1980.0 9900.0
10000.0 47.8139286979 0.0326999953616161 0.07838052745670016 0.0 4.964121415137921 2000.0 10000.0
