iter time primal fd fdmin fdavg, lmo1 lmo2
0.0 0.0 76936.03918335043 0.0 0.0 0.0 0.0 0.0
100.0 0.17722681604999999 5.67228714839452 7.73800244084404 0.0 1681.5751594624376 100.0 100.0
200.0 0.3371035827500001 1.7140888454486642 2.7870612056731856 0.0 847.3017176156177 200.0 200.0
300.0 0.5582058292500001 0.7629215524579719 1.4375689530527869 0.0 566.4710747769689 300.0 300.0
400.0 0.8164186903000001 0.4231486171621956 0.8913895862378668 0.0 425.4854906449755 400.0 400.0
500.0 1.0995928601 0.2767107045920102 0.6327239499806337 0.0 340.70743297231627 500.0 500.0
600.0 1.4104152251000002 0.20049923062449237 0.4897207940903442 0.0 284.10973405325507 600.0 600.0
700.0 1.7472309901000003 0.15309288272448102 0.3936569744967743 0.0 243.64310059447277 700.0 700.0
800.0 2.0972764118000002 0.12048155405791046 0.3232509287068162 0.0 213.27021239217964 800.0 800.0
900.0 2.46358535245 0.09815861211232799 0.26882560636169145 0.0 189.632411778291 900.0 900.0
1000.0 2.8474142365500006 0.08253913363512556 0.22959851779931167 0.0 170.71291261032823 1000.0 1000.0
1100.0 3.2481273460500004 0.0710845591566652 0.19909448957335638 0.0 155.22704380587146 1100.0 1100.0
1200.0 3.6626336712500005 0.06245898760295797 0.17467906847211545 0.0 142.31773400309768 1200.0 1200.0
1300.0 4.09297410155 0.05583604699881219 0.1552683694153301 0.0 131.39127415627595 1300.0 1300.0
1400.0 4.5368294778500005 0.05060687273046095 0.13922731513803688 0.0 122.0233657541432 1400.0 1400.0
1500.0 4.9993164013 0.0464520590420636 0.12588272011185722 0.0 113.90270690249318 1500.0 1500.0
1600.0 5.481125948199999 0.04313159687900592 0.1152270617938953 0.0 106.795751557075 1600.0 1600.0
1700.0 5.98026028465 0.04035738984364877 0.10596657794317647 0.0 100.5238349121287 1700.0 1700.0
1800.0 6.4953002823500015 0.0380424198871113 0.0982233518282455 0.0 94.9479401419852 1800.0 1800.0
1900.0 7.0255286550000005 0.036083272622039766 0.09152946054693333 0.0 89.95829379668845 1900.0 1900.0
2000.0 7.5751971108500005 0.034413491720523506 0.08598945301494587 0.0 85.46705980077991 2000.0 2000.0
2100.0 8.1504715976 0.03284650698765053 0.08003420194615848 0.0 81.4032947115124 2100.0 2100.0
2200.0 8.738162678399998 0.03159097065886965 0.07583090994087528 0.0 77.70836795665834 2200.0 2200.0
2300.0 9.338561481200001 0.030482248886669318 0.07221314906991055 0.0 74.33442682668657 2300.0 2300.0
2400.0 9.9509425408 0.029491374686836474 0.06896011023749947 0.0 71.24138793139464 2400.0 2400.0
2500.0 10.576065970050003 0.02859647559749054 0.06612394126314473 0.0 68.39557035258127 2500.0 2500.0
2600.0 11.207890008650002 0.02777668772204555 0.06339682983918768 0.0 65.76847105786368 2600.0 2600.0
2700.0 11.8538858894 0.027032857200646576 0.06108232128241638 0.0 63.33580713324722 2700.0 2700.0
2800.0 12.51254371805 0.026357358993982248 0.058974056811574325 0.0 61.076764250074845 2800.0 2800.0
2900.0 13.188259001150001 0.025725039678399897 0.0571188415916624 0.0 58.97339558691789 2900.0 2900.0
3000.0 13.869762885950001 0.025138521271229917 0.055356305165636374 0.0 57.01014313005688 3000.0 3000.0
3100.0 14.559462715 0.02459329544866028 0.05374196836053639 0.0 55.17345733046965 3100.0 3100.0
3200.0 15.253844453749997 0.024083225373014185 0.05231351982391732 0.0 53.45148115844249 3200.0 3200.0
3300.0 15.951642318949999 0.023601057539535716 0.05095888403979833 0.0 51.83379284159296 3300.0 3300.0
3400.0 16.659906064100003 0.02314610136121111 0.04967480673381195 0.0 50.31119590989275 3400.0 3400.0
3500.0 17.371847287749997 0.02271117306757885 0.04844307807496077 0.0 48.875544365388265 3500.0 3500.0
3600.0 18.0931239338 0.0223048568882708 0.047375701500248446 0.0 47.51959764836704 3600.0 3600.0
3700.0 18.813096405249997 0.021918496728561967 0.04636240976910614 0.0 46.236897282335086 3700.0 3700.0
3800.0 19.541239154700005 0.02154936457399412 0.0454329496470398 0.0 45.02166422033218 3800.0 3800.0
3900.0 20.27018797435 0.021191036999998324 0.0444326971550867 0.0 43.868710532662966 3900.0 3900.0
4000.0 21.00495239535 0.020854176780146762 0.043656080862844185 0.0 42.773367929895116 4000.0 4000.0
4100.0 21.755559808500003 0.020527636099215724 0.04284408006260211 0.0 41.731423805799615 4100.0 4100.0
4200.0 22.508226404949998 0.02021608283088803 0.04208975707627537 0.0 40.73906538030275 4200.0 4200.0
4300.0 23.266433752650002 0.019913982536480232 0.04136689312939494 0.0 39.7928351723778 4300.0 4300.0
4400.0 24.0155941795 0.019622823702599115 0.04061849000612162 0.0 38.889589524572635 4400.0 4400.0
4500.0 24.76654177235 0.019341723405634614 0.0400112358892413 0.0 38.02646365964553 4500.0 4500.0
4600.0 25.516209605250005 0.019069384825332845 0.039317586712297126 0.0 37.20084211582768 4600.0 4600.0
4700.0 26.277592210899996 0.018810280687825896 0.038721950931947496 0.0 36.4103328739617 4700.0 4700.0
4800.0 27.040885413599995 0.01855800059201272 0.03814268787847318 0.0 35.652742649692605 4800.0 4800.0
4900.0 27.8100333194 0.018312633735588457 0.037604150108284315 0.0 34.92605677677329 4900.0 4900.0
5000.0 28.57729477985 0.01807468990141941 0.03703465285943834 0.0 34.228421448485825 5000.0 5000.0
5100.0 29.3403841255 0.017843701627688436 0.03652189611847098 0.0 33.558128493764826 5100.0 5100.0
5200.0 30.111495283300002 0.017619589418248906 0.036021218250286625 0.0 32.913601256037104 5200.0 5200.0
5300.0 30.88047473009999 0.017401415478966835 0.035554971280082406 0.0 32.29338188920463 5300.0 5300.0
5400.0 31.651643642500005 0.017188966313685713 0.03502926007866014 0.0 31.69612026623244 5400.0 5400.0
5500.0 32.428292047499994 0.016982965416469622 0.034580160773059636 0.0 31.120564908158375 5500.0 5500.0
5600.0 33.2043279181 0.016783093954939217 0.03416376673308447 0.0 30.565553351536167 5600.0 5600.0
5700.0 34.427862150631576 0.016666423862606444 0.03400122971953303 0.0 30.030008452905186 5700.0 5700.0
5800.0 35.216400694 0.016472930929054854 0.03354590775941521 0.0 29.512921358604814 5800.0 5800.0
5900.0 36.01184736136842 0.016286055971608013 0.03318268815278171 0.0 29.013352727012244 5900.0 5900.0
6000.0 36.80311474857894 0.016102011556433357 0.032781993612460356 0.0 28.530427101478416 6000.0 6000.0
6100.0 37.60327973121053 0.015922636978913683 0.03240117158579264 0.0 28.063326134690506 6100.0 6100.0
6200.0 38.40330827826316 0.015747234927164934 0.03202442673779564 0.0 27.611284481588136 6200.0 6200.0
6300.0 39.204354895631575 0.015576259951588366 0.03169069782728889 0.0 27.17358513585362 6300.0 6300.0
6400.0 40.005748143157895 0.015409236830853951 0.03132694160507184 0.0 26.74955619635061 6400.0 6400.0
6500.0 40.803113592210536 0.015245868099788612 0.03096102453191597 0.0 26.33856683000044 6500.0 6500.0
6600.0 41.60891368321053 0.015086560441360825 0.030636855000020457 0.0 25.940024738692255 6600.0 6600.0
6700.0 42.41266321110527 0.014929154815854473 0.030285413974954885 0.0 25.553372567155936 6700.0 6700.0
6800.0 43.21529836005263 0.014776505906663313 0.03002393677243292 0.0 25.178086017511237 6800.0 6800.0
6900.0 44.02082160694736 0.01462706139945394 0.029656250616986214 0.0 24.81367097005334 6900.0 6900.0
7000.0 44.8318947594737 0.014481005874262513 0.029348561208091824 0.0 24.45966190969314 7000.0 7000.0
7100.0 45.639653030263155 0.014338003374654292 0.029052705016927628 0.0 24.1156192879769 7100.0 7100.0
7200.0 46.45747481921053 0.014198677613598495 0.028793090949267495 0.0 23.78112808817842 7200.0 7200.0
7300.0 47.27458045626315 0.014061710951500632 0.02849626101650183 0.0 23.45579599180323 7300.0 7300.0
7400.0 48.08806453421052 0.013926191896371433 0.02822049393615642 0.0 23.13925187058348 7400.0 7400.0
7500.0 48.903098669631575 0.013794046731356624 0.027949280856422225 0.0 22.831143952707503 7500.0 7500.0
7600.0 49.72554258205264 0.013663902137700053 0.027647984944319647 0.0 22.531139367235554 7600.0 7600.0
7700.0 50.54239561947367 0.013537135640116976 0.02739684994859589 0.0 22.23892259057263 7700.0 7700.0
7800.0 51.356328706368416 0.013412639198461173 0.027144583538919454 0.0 21.954194104783557 7800.0 7800.0
7900.0 52.177248777526316 0.01329015971377777 0.026872928044449174 0.0 21.67666978479512 7900.0 7900.0
8000.0 52.99539890973684 0.013170861987640406 0.026657840642359543 0.0 21.406079620128683 8000.0 8000.0
8100.0 53.816129366157895 0.013052309069476966 0.026396538942024164 0.0 21.142166864156707 8100.0 8100.0
8200.0 54.63590895352634 0.01293718846085741 0.02612713038869236 0.0 20.884687130973976 8200.0 8200.0
8300.0 55.45813258568422 0.012824160763671003 0.025934198609637582 0.0 20.63340817568761 8300.0 8300.0
8400.0 56.288801033000006 0.012712831356781099 0.025681444936462045 0.0 20.388108596341795 8400.0 8400.0
8500.0 57.11434413805262 0.012603013443586194 0.025431050433962737 0.0 20.148577415663354 8500.0 8500.0
8600.0 57.93503047852632 0.012495849143860295 0.025236530825154018 0.0 19.914613456928794 8600.0 8600.0
8700.0 58.76532136605264 0.01239129054512027 0.025024915696739158 0.0 19.686024966016 8700.0 8700.0
8800.0 59.59521784978947 0.012287785140712632 0.024807435780109095 0.0 19.462628785178662 8800.0 8800.0
8900.0 60.41551333978946 0.01218521005339235 0.024578772714121132 0.0 19.24424965275911 8900.0 8900.0
9000.0 61.24536082205264 0.012085790160083999 0.024425427144568974 0.0 19.03072065830819 9000.0 9000.0
9100.0 62.076410169631586 0.011986839969206374 0.024202203190645616 0.0 18.82188190959103 9100.0 9100.0
9200.0 62.90719917852631 0.0118896498736407 0.024004002964644375 0.0 18.617580465969397 9200.0 9200.0
9300.0 63.73376007921054 0.011794583838969369 0.023800037321694903 0.0 18.417669896772278 9300.0 9300.0
9400.0 64.56538764242104 0.011700996338130784 0.023606793697952728 0.0 18.222010263869187 9400.0 9400.0
9500.0 65.39854054689475 0.011609046475593241 0.02343737291108374 0.0 18.030467427527647 9500.0 9500.0
9600.0 66.2265832211579 0.011517964253507285 0.023238031952700255 0.0 17.8429127058254 9600.0 9600.0
9700.0 67.05723035405263 0.011428605242387549 0.02306221407894089 0.0 17.659222852412807 9700.0 9700.0
9800.0 67.88637097015791 0.011340436100787178 0.022883878859180112 0.0 17.479279510348263 9800.0 9800.0
9900.0 68.72078655378948 0.011253980827833347 0.022701698099044713 0.0 17.302969151762245 9900.0 9900.0
10000.0 69.55342720763157 0.011169053482967336 0.022545661803635396 0.0 17.130182917279395 10000.0 10000.0
