iter time primal fd fdmin fdavg, lmo1 lmo2
0.0 0.0 1.929171132070663e6 0.0 0.0 0.0 0.0 0.0
100.0 0.71749250275 20.020502954918477 23.212327894937825 0.0 Inf 51.45 48.55
200.0 1.4380856410500003 12.639262935979492 14.953902728439036 0.0 Inf 99.75 100.25
300.0 2.1892607652000002 11.479249095441013 13.75653691379372 0.0 Inf 149.0 151.0
400.0 2.95561019975 10.415612491421433 12.636098604483392 0.0 Inf 197.85 202.15
500.0 3.74328762575 9.341180174751274 11.451852135203142 0.0 Inf 247.55 252.45
600.0 4.559134993950001 8.30938687279609 10.315616947130943 0.0 Inf 298.65 301.35
700.0 5.38885342305 7.404200600993869 9.327518544100144 0.0 Inf 349.0 351.0
800.0 6.244221517900001 6.688614519292644 8.520408552620335 0.0 Inf 398.85 401.15
900.0 7.11390231205 5.952844929578157 7.706641208191941 0.0 Inf 448.8 451.2
1000.0 8.0152524507 5.348411215046343 7.015092030915104 0.0 Inf 498.0 502.0
1100.0 8.970248551000001 4.8104213654582955 6.385910655451458 0.0 Inf 550.35 549.65
1200.0 9.918505130249999 4.3158742984906535 5.809058344310058 0.0 Inf 600.3 599.7
1300.0 10.9018823336 3.880267008096056 5.2888587710654305 0.0 Inf 649.7 650.3
1400.0 11.923158934149999 3.4986779923960447 4.83926552036802 0.0 Inf 698.25 701.75
1500.0 12.97516778355 3.188941135212615 4.4720480165202705 0.0 Inf 747.15 752.85
1600.0 14.074604532700002 2.922204056438868 4.1484221888247195 0.0 Inf 798.15 801.85
1700.0 15.201157790599998 2.6700703947527615 3.8411682819217186 0.0 Inf 848.15 851.85
1800.0 16.381847756099997 2.4491955535482646 3.566677430734108 0.0 Inf 897.6 902.4
1900.0 17.585308764 2.2378822724117717 3.3017266596287067 0.0 Inf 947.05 952.95
2000.0 18.85708580195 2.065506532804375 3.0829526475492885 0.0 Inf 998.4 1001.6
2100.0 20.1082244074 1.8878203067882697 2.8591387550882805 0.0 Inf 1045.75 1054.25
2200.0 21.4725362779 1.7346326836150432 2.662348699283773 0.0 Inf 1095.9 1104.1
2300.0 22.92789056535 1.6014982963376134 2.4851258149518642 0.0 Inf 1146.15 1153.85
2400.0 24.420729154 1.4841552442184072 2.325592951584846 0.0 Inf 1196.1 1203.9
2500.0 25.98156925525 1.3794231276495696 2.185425048221104 0.0 Inf 1245.15 1254.85
2600.0 27.635427111299997 1.285254584880231 2.057958110035907 0.0 Inf 1296.15 1303.85
2700.0 29.365203311549994 1.1985817076857461 1.9380368308410887 0.0 Inf 1347.7 1352.3
2800.0 31.0828349213 1.1223984453552132 1.833190813874949 0.0 Inf 1396.6 1403.4
2900.0 32.89647020205 1.0516314003785736 1.7428655759753382 0.0 Inf 1448.25 1451.75
3000.0 34.713767366 0.9875670863800193 1.6491050614922513 0.0 Inf 1498.65 1501.35
3100.0 36.527153385400005 0.9235550968636173 1.554241627342049 0.0 Inf 1546.8 1553.2
3200.0 38.54178801395001 0.8743251779446665 1.484738412238771 0.0 Inf 1600.35 1599.65
3300.0 40.50744223339999 0.8240660984842944 1.4080263934022903 0.0 Inf 1651.35 1648.65
3400.0 42.40606275059999 0.7732031517051323 1.3340251327543147 0.0 Inf 1699.7 1700.3
3500.0 44.40484200585001 0.7316078364138832 1.2703394933872434 0.0 Inf 1750.1 1749.9
3600.0 46.447617086499996 0.6922325403949976 1.2132468902874902 0.0 Inf 1801.25 1798.75
3700.0 48.506249853349985 0.6555597781246342 1.159141880658721 0.0 Inf 1851.6 1848.4
3800.0 50.544275191 0.6036717187145157 1.0686886084546932 0.0 Inf 1901.0 1899.0
3900.0 52.6478013668 0.573805958541692 1.0237118857817713 0.0 Inf 1951.55 1948.45
4000.0 54.795746747449996 0.5432902051898733 0.9797687189278707 0.0 Inf 2001.75 1998.25
4100.0 57.02165885495001 0.5192968376425421 0.932532372315357 0.0 Inf 2052.55 2047.45
4200.0 59.2332604455 0.49647849843949327 0.9014888559318124 0.0 Inf 2101.75 2098.25
4300.0 61.531148041950004 0.47532137796840407 0.8673579635284318 0.0 Inf 2152.15 2147.85
4400.0 63.79831447950001 0.45509335418711067 0.8279783029487993 0.0 Inf 2201.15 2198.85
4500.0 66.1158483964 0.4374941655255875 0.7980520830635169 0.0 Inf 2251.4 2248.6
4600.0 68.52180215770001 0.4224945156131376 0.773321295206888 0.0 Inf 2301.3 2298.7
4700.0 70.85459253254997 0.40615719302692677 0.7465987387617318 0.0 Inf 2349.8 2350.2
4800.0 73.24447244265 0.39145253864523644 0.7215774588997357 0.0 Inf 2399.05 2400.95
4900.0 75.77919458585 0.3794845144785396 0.701900726706979 0.0 Inf 2449.55 2450.45
5000.0 78.32585037164999 0.3675587786102703 0.6803310470614699 0.0 Inf 2499.5 2500.5
5100.0 80.93270388804999 0.35641032745033213 0.6624169094605523 0.0 Inf 2549.4 2550.6
5200.0 83.57062648555 0.3464763149618629 0.6452451947608571 0.0 Inf 2599.9 2600.1
5300.0 86.2223371475 0.3356629970733096 0.6277451582249362 0.0 Inf 2650.5 2649.5
5400.0 88.94698874879998 0.3265410133109109 0.611935503211282 0.0 Inf 2702.1 2697.9
5500.0 91.69350579265001 0.3179764595620852 0.598038960895456 0.0 Inf 2753.05 2746.95
5600.0 94.35186747265001 0.3094921507032293 0.5844773595086803 0.0 Inf 2802.05 2797.95
5700.0 96.98864406115 0.3016897358493118 0.571061612070374 0.0 Inf 2849.85 2850.15
5800.0 99.70693336885 0.29399891385213783 0.5577935712273971 0.0 Inf 2899.3 2900.7
5900.0 102.47016432275 0.28726648165170465 0.5449799210315684 0.0 Inf 2949.85 2950.15
6000.0 105.2256651398 0.2805006256201767 0.5305159630302919 0.0 Inf 2999.25 3000.75
6100.0 108.09262606610002 0.2743990252620875 0.526588686467998 0.0 Inf 3050.75 3049.25
6200.0 110.9438020196 0.26811386238857476 0.5113604122634816 0.0 Inf 3101.4 3098.6
6300.0 113.75687286484997 0.2622122767637555 0.5031466860188847 0.0 Inf 3150.35 3149.65
6400.0 116.4701884961 0.2564965464941041 0.4959738407730616 0.0 Inf 3199.05 3200.95
6500.0 119.24813080495002 0.2506397797732644 0.4807199011941803 0.0 Inf 3248.7 3251.3
6600.0 122.01484756260001 0.24529522457038397 0.4718292029488752 0.0 Inf 3298.05 3301.95
6700.0 124.80613164349998 0.24046244691304125 0.4632435162037568 0.0 Inf 3347.3 3352.7
6800.0 127.63395318850003 0.23543667662316287 0.45523242106779305 0.0 Inf 3396.9 3403.1
6900.0 130.5048562897 0.23103003207297862 0.4491154601421079 0.0 Inf 3447.65 3452.35
7000.0 133.35172527265001 0.22679205780987233 0.44055641043201854 0.0 Inf 3496.7 3503.3
7100.0 136.27519672165005 0.22281045152854909 0.43421127888930966 0.0 Inf 3547.35 3552.65
7200.0 139.1291135754 0.21914324973401045 0.42813500767431156 0.0 Inf 3596.95 3603.05
7300.0 142.09702273174997 0.2153553244695468 0.4199660431853235 0.0 Inf 3648.9 3651.1
7400.0 145.07024207344998 0.21158549380606825 0.4150331169472511 0.0 Inf 3699.55 3700.45
7500.0 148.02718181330002 0.2081686029682074 0.4068112298796369 0.0 Inf 3749.9 3750.1
7600.0 150.79002882770004 0.20442950356193074 0.40446051287515994 0.0 Inf 3797.2 3802.8
7700.0 153.7186366505 0.20121325278338592 0.3987932068177425 0.0 Inf 3847.05 3852.95
7800.0 156.72143169185 0.1982605439585153 0.3914087377641227 0.0 Inf 3897.55 3902.45
7900.0 159.75763799785003 0.19511575507268192 0.3932269169866488 0.0 Inf 3949.0 3951.0
8000.0 162.78852425575 0.1922412408519949 0.3793109397159132 0.0 Inf 4000.2 3999.8
8100.0 165.78948154215 0.18933512698759877 0.38161082177449446 0.0 Inf 4049.4 4050.6
8200.0 168.7490014833 0.18647881562744856 0.3709665324118155 0.0 Inf 4099.0 4101.0
8300.0 171.6499599429 0.1834201621864246 0.36458813754819047 0.0 Inf 4147.65 4152.35
8400.0 174.67584938975 0.18090277911537245 0.3601766592110377 0.0 Inf 4197.55 4202.45
8500.0 177.68870981719996 0.17850581346759237 0.3552347831958591 0.0 Inf 4247.3 4252.7
8600.0 180.76542514999997 0.1761513176444293 0.35451771265554266 0.0 Inf 4298.25 4301.75
8700.0 183.69734321245002 0.1737443989336803 0.35542413904669407 0.0 Inf 4346.5 4353.5
8800.0 186.79150160934998 0.17146326259609018 0.3457772834599855 0.0 Inf 4397.15 4402.85
8900.0 189.9685480263 0.1692935036890547 0.34652850988252887 0.0 Inf 4448.7 4451.3
9000.0 193.05744144775002 0.1670488509129035 0.34017484283732885 0.0 Inf 4498.5 4501.5
9100.0 196.19738846294996 0.16497983920887663 0.33331843984051135 0.0 Inf 4549.0 4551.0
9200.0 199.40698916259998 0.16305862808942267 0.33027055010139705 0.0 Inf 4600.25 4599.75
9300.0 202.57853606025003 0.1611725589986498 0.3257522875807272 0.0 Inf 4651.2 4648.8
9400.0 205.78305419915 0.15900057529334655 0.32465379378384507 0.0 Inf 4700.75 4699.25
9500.0 208.82803232404999 0.15701612364525158 0.3167124819228264 0.0 Inf 4749.05 4750.95
9600.0 211.97550972765004 0.15514987858872234 0.3150587589005356 0.0 Inf 4798.85 4801.15
9700.0 215.3134982084 0.1534140640842147 0.3129163976103486 0.0 Inf 4850.75 4849.25
9800.0 218.51284042955004 0.15162050502278002 0.30937744941796214 0.0 Inf 4900.8 4899.2
9900.0 221.82961258630002 0.149927296773487 0.30794151436111317 0.0 Inf 4953.0 4947.0
10000.0 225.04975966945 0.1481789665441052 0.3089188499118461 0.0 Inf 5003.05 4996.95
