iter time primal d dmin davg lmo1 lmo2
0.0 0.0 -31.078745253161976 45884.8217191749 45884.8217191749 45884.8217191749 0.0 0.0
100.0 0.06428165884999999 -5557.183912195882 30416.002548107783 30416.002548107783 37422.60563576898 690.0 5.0
200.0 0.12618839760000003 -9213.3639729205 21830.027601751386 21830.027601751386 31719.022306591087 1380.0 10.0
300.0 0.17912338614999998 -12105.539618477542 16912.234294318427 16912.234294318427 27640.33674652365 2070.0 15.0
400.0 0.2411820025 -14750.8336144494 13981.519270159217 13981.519270159217 24639.871504060553 2760.0 20.0
500.0 0.29677475355000005 -17414.204626367824 12072.963446208505 12072.963446208505 22360.50167412811 3450.0 25.0
600.0 0.35356977055 -20238.096722803013 10540.442356028589 10540.442356028589 20550.95259725294 4140.0 30.0
700.0 0.41578674600000004 -23203.094104663345 9009.05909355634 9009.05909355634 19033.893423995512 4830.0 35.0
800.0 0.47464909059999993 -26075.215315705518 7425.1522486937565 7425.1522486937565 17695.694158795224 5520.0 40.0
900.0 0.5311345094500001 -28572.39299061489 5926.57368849186 5926.57368849186 16480.329693056665 6210.0 45.0
1000.0 0.6014311144000001 -30600.3823476842 4633.725293051022 4633.725293051022 15367.68372674445 6900.0 50.0
1100.0 0.6635027689 -32138.17140255582 3611.4449211400215 3611.4449211400215 14352.501244825176 7590.0 55.0
1200.0 0.7231945266500001 -33309.08665572468 2814.772072241884 2814.772072241884 13431.742270590079 8280.0 60.0
1300.0 0.7865712622500001 -34177.84112677014 2210.327325271537 2210.327325271537 12598.711978717622 8970.0 65.0
1400.0 0.85634102685 -34809.86471417004 1769.3461224670941 1769.3461224670941 11847.64804803249 9660.0 70.0
1500.0 0.9146723759000001 -35264.17221563848 1458.9168523483918 1458.9168523483918 11171.780410336114 10350.0 75.0
1600.0 0.9863387190999999 -35610.27971948615 1228.8435650799245 1228.8435650799245 10563.388828461251 11040.0 80.0
1700.0 1.0457846969499998 -35871.324033773424 1061.7259190701704 1061.7259190701704 10014.592210747205 11730.0 85.0
1800.0 1.1144559940000003 -36078.86716039056 932.3963984986651 932.3963984986651 9518.269584287878 12420.0 90.0
1900.0 1.17200857755 -36251.310908437925 830.1063155292098 830.1063155292098 9067.765861098442 13110.0 95.0
2000.0 1.2253920874500002 -36391.08164787332 751.4207932243546 751.4207932243546 8657.570498366382 13800.0 100.0
2100.0 1.2838930538 -36513.04622157085 685.1087200128015 685.1087200128015 8282.713727786617 14490.0 105.0
2200.0 1.3398764279499997 -36617.560712493185 629.5669849034231 629.5669849034231 7938.940836327021 15180.0 110.0
2300.0 1.3957508660499998 -36709.74951926349 581.8374418438367 581.8374418438367 7622.6205764498145 15870.0 115.0
2400.0 1.450596037 -36793.350018565354 540.3774860415922 540.3774860415922 7330.638650894224 16560.0 120.0
2500.0 1.5056864000500003 -36866.37152521338 505.2058757920381 505.2058757920381 7060.3321592519105 17250.0 125.0
2600.0 1.5642530259500003 -36931.268647004836 474.8381592246428 474.8381592246428 6809.423658024399 17940.0 130.0
2700.0 1.6173382631 -36989.385065332346 448.42064304986354 448.42064304986354 6575.942595954729 18630.0 135.0
2800.0 1.67325255985 -37042.71145403141 425.10192124576986 425.10192124576986 6358.153644705617 19320.0 140.0
2900.0 1.7309123178499999 -37091.75077463793 404.71033690499297 404.71033690499297 6154.540859058522 20010.0 145.0
3000.0 1.7862283307000002 -37138.231066094784 385.9343716259034 385.9343716259034 5963.772586992633 20700.0 150.0
3100.0 1.8409858168 -37180.940957500294 369.4974154424404 369.4974154424404 5784.672450890964 21390.0 155.0
3200.0 1.89660700765 -37221.50237064412 354.33354218239407 354.33354218239407 5616.212069846215 22080.0 160.0
3300.0 1.9546422657999998 -37258.52131947089 340.9909714134299 340.9909714134299 5457.474685036917 22770.0 165.0
3400.0 2.0102465336499997 -37292.957822703866 329.33726266129287 329.33726266129287 5307.6640420348995 23460.0 170.0
3500.0 2.0647945316 -37326.03537673397 318.1563001398134 318.1563001398134 5166.040391040911 24150.0 175.0
3600.0 2.120148692749999 -37356.585134711255 308.1402518581352 308.1402518581352 5031.9536624605125 24840.0 180.0
3700.0 2.1782777226000003 -37386.495099873006 298.41485070990143 298.41485070990143 4904.813383495743 25530.0 185.0
3800.0 2.2324036236 -37415.612128673776 288.9612693213399 288.9612693213399 4784.079002180888 26220.0 190.0
3900.0 2.28987600385 -37443.45862271849 280.2936370385033 280.2936370385033 4669.272686304163 26910.0 195.0
4000.0 2.3460025583500004 -37470.028165971744 271.95032612369175 271.95032612369175 4559.96895533162 27600.0 200.0
4100.0 2.40220965685 -37495.058346793136 263.9390597363928 263.9390597363928 4455.7728149020395 28290.0 205.0
4200.0 2.4585860428500004 -37520.001119690874 256.04515608095204 256.04515608095204 4356.327461138999 28980.0 210.0
4300.0 2.51141534695 -37543.93138693394 248.72097722849804 248.72097722849804 4261.310500008384 29670.0 215.0
4400.0 2.57083471745 -37566.73463294171 241.85988173066184 241.85988173066184 4170.4338275573755 30360.0 220.0
4500.0 2.6247645584 -37588.65694052247 235.42590578969254 235.42590578969254 4083.431652556213 31050.0 225.0
4600.0 2.68264327315 -37610.22466737227 229.23722586871568 229.23722586871568 4000.061599584233 31740.0 230.0
4700.0 2.739297406600001 -37630.38660478372 223.25031677879875 223.25031677879875 3920.094168534116 32430.0 235.0
4800.0 2.79572549615 -37649.94985865131 217.6407142598096 217.6407142598096 3843.326210056953 33120.0 240.0
4900.0 2.8511839490499997 -37668.78375937407 212.2225102340269 212.2225102340269 3769.566975524783 33810.0 245.0
5000.0 2.9077947407500004 -37686.59587626545 207.32524258941686 207.32524258941686 3698.6439471964 34500.0 250.0
5100.0 2.9646117663 -37703.60669422863 202.75402151263168 202.75402151263168 3630.4003909122102 35190.0 255.0
5200.0 3.0207199637000004 -37720.27372180714 198.41004131738444 198.41004131738444 3564.6879548455936 35880.0 260.0
5300.0 3.0772070007499996 -37736.891233659 193.9859155577038 193.9859155577038 3501.361833986383 36570.0 265.0
5400.0 3.13512708575 -37753.31242680033 189.2608117563504 189.2608117563504 3440.2870534642097 37260.0 270.0
5500.0 3.1930836841999994 -37769.1097351404 184.73571876190016 184.73571876190016 3381.342816841926 37950.0 275.0
5600.0 3.2454621489000006 -37784.297203211594 180.55015822642102 180.55015822642102 3324.4183736034533 38640.0 280.0
5700.0 3.3037639207500007 -37799.51237203819 176.3682157586633 176.3682157586633 3269.4119823750407 39330.0 285.0
5800.0 3.36427013185 -37814.28687586865 172.4128535507935 172.4128535507935 3216.225524026812 40020.0 290.0
5900.0 3.4190161595 -37828.22669061039 168.49109754071176 168.49109754071176 3164.7697912897183 40710.0 295.0
6000.0 3.4740494375000006 -37841.43069670729 164.8522976294018 164.8522976294018 3114.960867972716 41400.0 300.0
6100.0 3.5293970653499995 -37854.841624291264 161.0038449776876 161.0038449776876 3066.7190361670987 42090.0 305.0
6200.0 3.5913195469000003 -37867.879580044995 156.95999149081416 156.95999149081416 3019.964095422475 42780.0 310.0
6300.0 3.6464514906999987 -37879.944947666874 153.24640541115178 153.24640541115178 2974.627979979848 43470.0 315.0
6400.0 3.7006948375500004 -37892.03931902672 149.78406409160326 149.78406409160326 2930.6484636415535 44160.0 320.0
6500.0 3.7578144509000007 -37903.466239572335 146.7846449189399 146.7846449189399 2887.969882677632 44850.0 325.0
6600.0 3.816936291999999 -37915.0808241106 143.76078410288704 143.76078410288704 2846.534383112505 45540.0 330.0
6700.0 3.8781985372499994 -37925.71644784036 141.04859215038212 141.04859215038212 2806.2896957401213 46230.0 335.0
6800.0 3.935890832100001 -37935.92033254822 138.62184433762957 138.62184433762957 2767.1880140523544 46920.0 340.0
6900.0 3.9916368764000003 -37945.960600399994 136.41442075257925 136.41442075257925 2729.183911681723 47610.0 345.0
7000.0 4.051546655399999 -37955.78564711746 134.16549795521576 134.16549795521576 2692.230401923484 48300.0 350.0
7100.0 4.1067956225 -37965.52568219058 131.6993682882061 131.6993682882061 2656.2821356155405 48990.0 355.0
7200.0 4.17606776655 -37975.38909571983 128.9890622418812 128.9890622418812 2621.2930416131517 49680.0 360.0
7300.0 4.2344929278 -37984.87799475006 126.28791359707529 126.28791359707529 2587.2229621212023 50370.0 365.0
7400.0 4.29199356325 -37994.43026145106 123.83333979713413 123.83333979713413 2554.036748129367 51060.0 370.0
7500.0 4.34707488255 -38004.09665512248 121.3730498292435 121.3730498292435 2521.7003867899643 51750.0 375.0
7600.0 4.407132129399999 -38013.174365344974 119.01229634348053 119.01229634348053 2490.1809973600425 52440.0 380.0
7700.0 4.464669876099999 -38021.83707267438 116.72429608678488 116.72429608678488 2459.449131374513 53130.0 385.0
7800.0 4.520029623699999 -38030.43393131363 114.1822944366007 114.1822944366007 2429.472147594652 53820.0 390.0
7900.0 4.57820573495 -38038.76523104097 111.66106826683895 111.66106826683895 2400.218979286363 54510.0 395.0
8000.0 4.634082547349999 -38046.6126525406 109.37768636383842 109.37768636383842 2371.6658446779147 55200.0 400.0
8100.0 4.691190026499999 -38054.12004441024 107.31449812853437 107.31449812853437 2343.789820127443 55890.0 405.0
8200.0 4.745786160299999 -38061.322232721344 105.38035070678814 105.38035070678814 2316.5678971274715 56580.0 410.0
8300.0 4.8046516936499994 -38068.41075488819 103.53144137420782 103.53144137420782 2289.9776704094957 57270.0 415.0
8400.0 4.863430018600001 -38075.54701627986 101.54701706400922 101.54701706400922 2263.9963281016403 57960.0 420.0
8500.0 4.9191174216 -38082.51287314489 99.44479957351751 99.44479957351751 2238.600831687915 58650.0 425.0
8600.0 4.974490493249999 -38089.4377259476 97.42634075010974 97.42634075010974 2213.7702766347506 59340.0 430.0
8700.0 5.032681886 -38096.09342207767 95.42909977138184 95.42909977138184 2189.4866240119945 60030.0 435.0
8800.0 5.0902262635 -38102.62985281761 93.51834018957932 93.51834018957932 2165.7314370098247 60720.0 440.0
8900.0 5.144201303050001 -38108.89181744585 91.65563381079589 91.65563381079589 2142.487273032242 61410.0 445.0
9000.0 5.201507535600001 -38114.902231607026 89.96404643158328 89.96404643158328 2119.739234888297 62100.0 450.0
9100.0 5.258952463300001 -38120.57565849979 88.35595249858322 88.35595249858322 2097.4722229797767 62790.0 455.0
9200.0 5.318083746100001 -38125.951031132965 86.8090303885695 86.8090303885695 2075.6710586913737 63480.0 460.0
9300.0 5.3754634464999995 -38131.15397848116 85.5033504745692 85.5033504745692 2054.3229783375346 64170.0 465.0
9400.0 5.4310714303 -38136.21728794799 84.26299056817406 84.26299056817406 2033.4143560444786 64860.0 470.0
9500.0 5.488658384350001 -38141.10306528678 82.98348651061823 82.98348651061823 2012.931908421336 65550.0 475.0
9600.0 5.54782198125 -38146.032723991986 81.63603270010529 81.63603270010529 1992.8619742141252 66240.0 480.0
9700.0 5.6034477014999995 -38150.855686063085 80.17826615393157 80.17826615393157 1973.190095375134 66930.0 485.0
9800.0 5.660761132199999 -38155.52454472905 78.89848834605742 78.89848834605742 1953.9049029768953 67620.0 490.0
9900.0 5.719335879400001 -38159.90390620151 77.70694522959846 77.70694522959846 1934.9963697655267 68310.0 495.0
10000.0 5.7768176749 -38164.2618824922 76.538842194146 76.538842194146 1916.4533803378845 69000.0 500.0
