iter time primal d dmin davg lmo1 lmo2
0.0 0.0 -31.078745250930684 45884.8217191787 45884.8217191787 45884.8217191787 0.0 0.0
100.0 0.41078045725 -35079.039903937104 1582.812114136933 1582.812114136933 11412.077998864846 10000.0 100.0
200.0 0.6246914829999999 -37108.10544083164 394.931517401252 394.931517401252 6093.874582517901 20000.0 200.0
300.0 0.8519382526999999 -37546.295062369616 234.2569161737547 234.2569161737547 4168.096096721641 30000.0 300.0
400.0 1.0618162433499998 -37792.733201064744 164.68527276772528 164.68527276772528 3177.8284589902573 40000.0 400.0
500.0 1.27504888235 -37947.59511266668 123.24282920794549 123.24282920794549 2571.9855815715796 50000.0 500.0
600.0 1.4943236108500002 -38057.42981639131 98.40972725942797 98.40972725942797 2162.2829262606497 60000.0 600.0
700.0 1.6966831259499997 -38140.35854572106 78.43479850575905 78.43479850575905 1866.4178623267271 70000.0 700.0
800.0 1.9183601374499997 -38199.91293296865 64.86608755103339 64.86608755103339 1642.3055136949604 80000.0 800.0
900.0 2.1430361413000005 -38246.123326874025 54.03774961108619 54.03774961108619 1466.5370686077808 90000.0 900.0
1000.0 2.3655751014499993 -38285.34140411587 48.66041523646856 48.66041523646856 1325.1801009687479 100000.0 1000.0
1100.0 2.6124482921 -38320.355975049584 42.402315403566334 42.402315403566334 1208.952374659526 110000.0 1100.0
1200.0 2.84297384645 -38346.20964940837 35.12217020395191 35.12217020395191 1111.4977520869409 120000.0 1200.0
1300.0 3.0777149984000003 -38364.669727045955 30.502305518229228 30.502305518229228 1028.5721217597627 130000.0 1300.0
1400.0 3.31435744805 -38380.982737970204 27.9739222779543 27.9739222779543 957.245979964229 140000.0 1400.0
1500.0 3.5320073772500002 -38396.36017864802 24.709132164123822 24.709132164123822 895.2146887511318 150000.0 1500.0
1600.0 3.7427628237999997 -38408.62273120187 21.24396142603578 21.24396142603578 840.7362606309669 160000.0 1600.0
1700.0 3.9759617249000017 -38418.44491858683 17.969734934583407 17.969734934583407 792.4661864649049 170000.0 1700.0
1800.0 4.187157988649999 -38425.027664017325 15.691776334688054 15.691776334688054 749.3933942444343 180000.0 1800.0
1900.0 4.4106602542 -38430.74492810777 13.753260503666036 13.753260503666036 710.7390173313461 190000.0 1900.0
2000.0 4.641107421250001 -38435.18818290091 12.24916004234479 12.24916004234479 675.8716220470882 200000.0 2000.0
2100.0 4.8788031113 -38438.54132915112 11.107976401510962 11.107976401510962 644.2567473145134 210000.0 2100.0
2200.0 5.15915263625 -38441.36019128871 10.447409670184879 10.447409670184879 615.4680241200896 220000.0 2200.0
2300.0 5.39662751915 -38444.44111372494 10.2383675489613 10.2383675489613 589.1700188464318 230000.0 2300.0
2400.0 5.629735473350001 -38447.83257121517 9.573625578694966 9.573625578694966 565.0481642538695 240000.0 2400.0
2500.0 5.86009696725 -38450.51231456497 9.06308060581316 9.06308060581316 542.8249696979606 250000.0 2500.0
2600.0 6.1091325297 -38452.87876616176 8.584226369130548 8.582897221313788 522.2932203120079 260000.0 2600.0
2700.0 6.31069640265 -38455.271431229645 8.173994410266916 8.173994410266916 503.2688611802512 270000.0 2700.0
2800.0 6.540482662850001 -38457.233790312355 7.542584667758957 7.542584667758957 485.58166315097674 280000.0 2800.0
2900.0 6.760433282299999 -38458.949870162854 7.152820759436817 7.152820759436817 469.09493476578234 290000.0 2900.0
3000.0 6.9695940744500025 -38460.507876686686 7.029377494436178 7.029377494436178 453.6988021018351 300000.0 3000.0
3100.0 7.1809494726 -38462.798651040444 6.2383802371517705 6.2383802371517705 439.28167711070176 310000.0 3100.0
3200.0 7.412444782749999 -38464.02483866289 5.611038063698221 5.611038063698221 425.74199922954585 320000.0 3200.0
3300.0 7.6184930639 -38464.93601255952 5.376812935750516 5.373714897067469 413.0107383939925 330000.0 3300.0
3400.0 7.8772521509 -38466.01434693324 5.186422826386318 5.186422826386318 401.02481171568 340000.0 3400.0
3500.0 8.1195997334 -38466.77694019352 4.792340003717461 4.792340003717461 389.711419388048 350000.0 3500.0
3600.0 8.327736974799997 -38467.54486659476 4.4632739089466025 4.4632739089466025 379.0182401034252 360000.0 3600.0
3700.0 8.522317279650002 -38468.11017953059 4.156157787619438 4.156157787619438 368.8936884385988 370000.0 3700.0
3800.0 8.761382971 -38468.50825264922 3.9951342769426303 3.9951342769426303 359.2950050524062 380000.0 3800.0
3900.0 8.983975082499999 -38468.94496543156 4.108999757513803 3.990487467531362 350.1879558970063 390000.0 3900.0
4000.0 9.1966616164 -38469.71552118619 4.346223430936834 3.990487467531362 341.5419413649066 400000.0 4000.0
4100.0 9.421738061499997 -38470.79039546613 4.309113865788865 3.990487467531362 333.3193322945353 410000.0 4100.0
4200.0 9.64972744635 -38472.13076539365 3.967954486240848 3.967954486240848 325.4848190884417 420000.0 4200.0
4300.0 9.86603254645 -38472.765405104205 3.6138177362589934 3.6138177362589934 318.0035714903349 430000.0 4300.0
4400.0 10.1306076315 -38473.339519191344 3.642930566462976 3.5938687140071046 310.85984460090737 440000.0 4400.0
4500.0 10.36306579885 -38474.12040302988 3.381276084612685 3.381276084612685 304.0324366567537 450000.0 4500.0
4600.0 10.598479996100002 -38474.61483121573 3.0598762212299904 3.059689267980813 297.49445094806464 460000.0 4600.0
4700.0 10.825333913149999 -38474.88445478787 3.0751031085546097 3.0204008856017857 291.230736176493 470000.0 4700.0
4800.0 11.06670445525 -38475.21955298047 2.9943826267665177 2.9943826267665177 285.22850460547045 480000.0 4800.0
4900.0 11.278463257850003 -38475.5230144614 2.8242556163632555 2.8242556163632555 279.46790017883546 490000.0 4900.0
5000.0 11.47684081145 -38475.76193764199 2.754279838715733 2.7540239218424727 273.935334787542 500000.0 5000.0
5100.0 11.734907329600004 -38476.13474792611 2.6353110947125407 2.6343331053496084 268.6179062546237 510000.0 5100.0
5200.0 11.94549499895 -38476.41171638568 2.6016175405197277 2.6016175405197277 263.50358952978866 520000.0 5200.0
5300.0 12.169266212649998 -38476.81378867276 2.530506526130607 2.530506526130607 258.5812317079715 530000.0 5300.0
5400.0 12.4023796179 -38477.26043716403 2.423398116335615 2.3986277749987837 253.8387877816276 540000.0 5400.0
5500.0 12.670343666499999 -38477.533093806 2.4319782645193353 2.3986277749987837 249.26894941765585 550000.0 5500.0
5600.0 12.89969763905 -38477.90980808327 2.279682161386309 2.279682161386309 244.86023664490287 560000.0 5600.0
5700.0 13.143641474950002 -38478.29067043117 2.1942308145228555 2.1942308145228555 240.60494235567612 570000.0 5700.0
5800.0 13.3974358891 -38478.53356288656 2.053400365754657 2.0452992649223907 236.49339889967573 580000.0 5800.0
5900.0 13.622250112300003 -38478.765429661835 2.206844803085797 2.0452992649223907 232.5216917929972 590000.0 5900.0
6000.0 13.872302126849998 -38479.12575573196 2.0158295077004142 2.0158295077004142 228.68221766828304 600000.0 6000.0
6100.0 14.086871635499998 -38479.250014664736 1.9675523196751203 1.964558508046577 224.96638776497744 610000.0 6100.0
6200.0 14.31132403325 -38479.46642276119 2.0842862404389377 1.964558508046577 221.37114785646517 620000.0 6200.0
6300.0 14.545049871700002 -38479.8107067816 1.9474198812537362 1.9470431105022477 217.88942982651588 630000.0 6300.0
6400.0 14.7733646722 -38480.00436755169 1.934923733288824 1.9162587515909535 214.5156149785681 640000.0 6400.0
6500.0 14.99077126285 -38480.20106171328 1.8322598954793545 1.8322598954793545 211.24490246794556 650000.0 6500.0
6600.0 15.224272563649999 -38480.36480491844 1.7428260124873745 1.7428260124873745 208.0718344231815 660000.0 6600.0
6700.0 15.471265758500005 -38480.440947859 1.6964451804567093 1.6964451804567093 204.9923123147604 670000.0 6700.0
6800.0 15.705639172 -38480.50101793422 1.6180011548623459 1.6180011548623459 202.00251722281556 680000.0 6800.0
6900.0 15.937254840700001 -38480.550624526215 1.5849748216021382 1.5747397052409176 199.09841115298266 690000.0 6900.0
7000.0 16.15287570125 -38480.71087207848 1.7133028667730437 1.5747397052409176 196.27804030157887 700000.0 7000.0
7100.0 16.392384759949998 -38480.9493068983 1.6233928739154284 1.5747397052409176 193.53750239955755 710000.0 7100.0
7200.0 16.60994965085 -38481.141185842855 1.4879241027158083 1.4879241027158083 190.8713233769257 720000.0 7200.0
7300.0 16.82683745955 -38481.1993706087 1.468963734011862 1.4651470575088585 188.27717497256583 730000.0 7300.0
7400.0 17.0473315887 -38481.29120476317 1.5056890808068357 1.4651470575088585 185.75334367266595 740000.0 7400.0
7500.0 17.2674758927 -38481.44641171117 1.4378617804135463 1.4378477106523135 183.29647030110488 750000.0 7500.0
7600.0 17.4981101873 -38481.515734429166 1.484776214355422 1.4278381286045927 180.9039386360086 760000.0 7600.0
7700.0 17.700588815399996 -38481.78107287263 1.7582319245027431 1.4278381286045927 178.5756853104855 770000.0 7700.0
7800.0 17.9269686717 -38482.37649571703 1.5719334775970375 1.4278381286045927 176.30818276189072 780000.0 7800.0
7900.0 18.147701029499995 -38482.49883656858 1.3528480115378563 1.3528480115378563 174.0950347492112 790000.0 7900.0
8000.0 18.387852936999998 -38482.541415784646 1.2972690162386447 1.2972690162386447 171.93560503671296 800000.0 8000.0
8100.0 18.590467846 -38482.57389478442 1.2642987671256305 1.2642330246019864 169.82900564357607 810000.0 8100.0
8200.0 18.7997154027 -38482.60353323508 1.2377524746085422 1.2374712921476454 167.7734213309096 820000.0 8200.0
8300.0 19.037381920050002 -38482.632093249675 1.2143010477356984 1.2143010477356984 165.76706213480665 830000.0 8300.0
8400.0 19.259835948199996 -38482.66089798851 1.192498080933304 1.1924385528207853 163.8081990016617 840000.0 8400.0
8500.0 19.478650654849996 -38482.69253389406 1.197389308283094 1.1893003352020495 161.89530249903422 850000.0 8500.0
8600.0 19.67804488685 -38482.72381594199 1.1902165942779173 1.1893003352020495 160.02693998403498 860000.0 8600.0
8700.0 19.9275339863 -38482.75236249788 1.1721767505187841 1.171653673475299 158.2013300662336 870000.0 8700.0
8800.0 20.159295148100007 -38482.79429469718 1.168381588360123 1.156134306279809 156.4170160725437 880000.0 8800.0
8900.0 20.394113054449992 -38482.895625014244 1.1824738013226201 1.156134306279809 154.6732167920956 890000.0 8900.0
9000.0 20.588586314 -38483.03659819837 1.076520664994511 1.076520664994511 152.96737181190494 900000.0 9000.0
9100.0 20.8259799394 -38483.05448800238 1.0566134933703188 1.0564656335796085 151.29831232628123 910000.0 9100.0
9200.0 21.053599373000004 -38483.07143711065 1.0375091631898299 1.0375091631898299 149.66532042494546 920000.0 9200.0
9300.0 21.277778019800003 -38483.087581526495 1.0198455485037254 1.0198455485037254 148.0672473151841 930000.0 9300.0
9400.0 21.49425730835 -38483.10304021849 1.0030751399633724 1.0030751399633724 146.502990395999 940000.0 9400.0
9500.0 21.690543371649998 -38483.117858708705 0.9871740275368819 0.9871740275368819 144.971491042263 950000.0 9500.0
9600.0 21.930317488350003 -38483.13214919269 0.975376624092822 0.9753209567760324 143.47174214255952 960000.0 9600.0
9700.0 22.1715117388 -38483.14603331978 0.9686597321212057 0.968521671081058 142.00282158076206 970000.0 9700.0
9800.0 22.414018273800004 -38483.1598083516 0.9659899810986138 0.9655887410490811 140.56382740158963 980000.0 9800.0
9900.0 22.640180574550005 -38483.1738644796 0.9668443550893221 0.9654433607426188 139.15389201717284 990000.0 9900.0
10000.0 22.851415896649996 -38483.18894051617 0.9752818877956735 0.9654433607426188 137.77219118224156 1.0e6 10000.0
