iter time primal d dmin davg lmo1 lmo2
0.0 0.0 -2672.961646490939 2.5200547219436564e6 2.5200547219436564e6 2.5200547219436564e6 0.0 0.0
100.0 0.9572998417499997 -234318.9593884151 1.854636427640346e6 1.854636427640346e6 2.164575772919519e6 5900.0 10.0
200.0 1.9023222247000002 -404561.8663287133 1.419935877884979e6 1.419935877884979e6 1.8959987864843642e6 11800.0 20.0
300.0 2.8387798239000004 -540611.9645203963 1.1342991429640483e6 1.1342991429640483e6 1.6885941718222352e6 17700.0 30.0
400.0 3.7779885271499998 -658189.5538547247 945427.502216933 945427.502216933 1.5265067505888797e6 23600.0 40.0
500.0 4.71031718785 -767779.6758399921 818471.8931708875 818471.8931708875 1.3980972521558735e6 29500.0 50.0
600.0 5.65025648165 -876490.8671194675 729361.0967718032 729361.0967718032 1.294659375867596e6 35400.0 60.0
700.0 6.581724523450001 -989658.1695081905 660832.1533410564 660832.1533410564 1.2095746664731817e6 41300.0 70.0
800.0 7.53333311155 -1.1097248795476037e6 600490.6571833357 600490.6571833357 1.1376973979964647e6 47200.0 80.0
900.0 8.47562264175 -1.2365470684985884e6 539819.4542432942 539819.4542432942 1.075027056585193e6 53100.0 90.0
1000.0 9.4124247822 -1.3660186265825343e6 475038.85958761134 475038.85958761134 1.0185439691167739e6 59000.0 100.0
1100.0 10.3737665881 -1.491710726252267e6 407054.3955385361 407054.3955385361 966222.2504730355 64900.0 110.0
1200.0 11.3073002607 -1.6059809605344934e6 340520.40057742724 340520.40057742724 916957.8326843046 70800.0 120.0
1300.0 12.26709410665 -1.7037346555679422e6 280229.0609699184 280229.0609699184 870371.5593955332 76700.0 130.0
1400.0 13.213327557100001 -1.7834164235168458e6 229123.72082215306 229123.72082215306 826466.6157810404 82600.0 140.0
1500.0 14.150575873849998 -1.8463757503783319e6 187841.13091069274 187841.13091069274 785350.4367869385 88500.0 150.0
1600.0 15.078700937049996 -1.8953334437703483e6 155492.19216673946 155492.19216673946 747092.4249153265 94400.0 160.0
1700.0 16.01924774605 -1.9333025452048753e6 130509.39553197692 130509.39553197692 711660.4124003389 100300.0 170.0
1800.0 16.9706715557 -1.9629741664612968e6 111218.22975002574 111218.22975002574 678943.7478531753 106200.0 180.0
1900.0 17.920501320250004 -1.9865694793489552e6 96130.18633071991 96130.18633071991 648769.373657019 112100.0 190.0
2000.0 18.852971713549998 -2.0056543161081565e6 84160.27490035622 84160.27490035622 620936.6219622638 118000.0 200.0
2100.0 19.78792764295 -2.0213176680756328e6 74541.40135675613 74541.40135675613 595238.6694709301 123900.0 210.0
2200.0 20.721190397150004 -2.0342874818727504e6 66786.09920418811 66786.09920418811 571478.327294767 129800.0 220.0
2300.0 21.659480554599998 -2.0451894918123218e6 60469.99413309981 60469.99413309981 549475.5436918273 135700.0 230.0
2400.0 22.586534134050005 -2.0545241431413337e6 55209.55290120088 55209.55290120088 529061.5506766995 141600.0 240.0
2500.0 23.527004258499996 -2.0626577509948914e6 50744.207359222826 50744.207359222826 510082.82689487434 147500.0 250.0
2600.0 24.45957469855 -2.0698274837548248e6 46902.25569408008 46902.25569408008 492400.87746022985 153400.0 260.0
2700.0 25.40686396445 -2.0761972910225033e6 43574.28528042951 43574.28528042951 475892.91177507665 159300.0 270.0
2800.0 26.34351411465 -2.0818994761430763e6 40664.720935448866 40664.720935448866 460449.81910346553 165200.0 280.0
2900.0 27.27406003155 -2.0869858403045714e6 38151.15823376186 38151.15823376186 445975.74054035597 171100.0 290.0
3000.0 28.207946350649998 -2.0915934052289824e6 35933.85179814796 35933.85179814796 432385.5519271885 177000.0 300.0
3100.0 29.140437693400003 -2.0958067939883713e6 33952.455812104956 33952.455812104956 419602.2336166454 182900.0 310.0
3200.0 30.093147197300006 -2.0996761233293973e6 32179.190555731075 32179.190555731075 407557.3630341771 188800.0 320.0
3300.0 31.0288061968 -2.1032306263395324e6 30591.829778114112 30591.829778114112 396189.8206854416 194700.0 330.0
3400.0 31.96739163739999 -2.10649127848634e6 29174.38655894241 29174.38655894241 385445.25753221044 200600.0 340.0
3500.0 32.9239375071 -2.1094997236879845e6 27898.43675840309 27898.43675840309 375274.80176112085 206500.0 350.0
3600.0 33.86017202365001 -2.112307405567129e6 26738.705321944675 26738.705321944675 365634.29573825054 212400.0 360.0
3700.0 34.793200901700004 -2.1149370080234013e6 25679.561451178575 25679.561451178575 356483.70254372567 218300.0 370.0
3800.0 35.73271857175 -2.117409199872432e6 24708.176050558282 24708.176050558282 347786.9635654772 224200.0 380.0
3900.0 36.660903304550004 -2.11972034539135e6 23821.68393654019 23821.68393654019 339511.4719717259 230100.0 390.0
4000.0 37.5936183958 -2.1219212145325933e6 22991.542254012056 22991.542254012056 331627.4217971424 236000.0 400.0
4100.0 38.53614884545001 -2.1240149690526044e6 22213.403128787402 22213.403128787402 324107.50837695366 241900.0 410.0
4200.0 39.487504336099995 -2.125998959802201e6 21492.358792161533 21492.358792161533 316927.0906995547 247800.0 420.0
4300.0 40.44662505185 -2.1278872631900585e6 20819.81696248688 20819.81696248688 310063.80199812975 253700.0 430.0
4400.0 41.37793165285 -2.1296867586478563e6 20187.32398046258 20187.32398046258 303497.0264905706 259600.0 440.0
4500.0 42.33779058649999 -2.131399466723877e6 19595.782785803276 19595.782785803276 297207.94230334816 265500.0 450.0
4600.0 43.26960088525 -2.133035514804186e6 19040.525749634253 19040.525749634253 291179.3128159565 271400.0 460.0
4700.0 44.2106676387 -2.134600815602176e6 18518.82518358199 18518.82518358199 285395.26801820664 277300.0 470.0
4800.0 45.14468394275001 -2.136102371743215e6 18027.956489230863 18027.956489230863 279841.23430840945 283200.0 480.0
4900.0 46.08191444965 -2.1375421357078985e6 17568.007125208274 17568.007125208274 274503.78120457137 289100.0 490.0
5000.0 47.015553463100005 -2.138923157708929e6 17136.65302291974 17136.65302291974 269370.5573320013 295000.0 500.0
5100.0 47.95404783645 -2.1402448894874966e6 16731.946205209628 16731.946205209628 264430.07981002564 300900.0 510.0
5200.0 48.889481019099996 -2.141513686960902e6 16353.373253157759 16353.373253157759 259671.7653170427 306800.0 520.0
5300.0 49.822040392750004 -2.1427422206355208e6 15992.808307209843 15992.808307209843 255085.72295534497 312700.0 530.0
5400.0 50.763091623899996 -2.143928856081226e6 15652.189041423222 15652.189041423222 250662.77054455655 318600.0 540.0
5500.0 51.715441183450004 -2.1450802191458438e6 15325.357889645102 15325.357889645102 246394.3242247627 324500.0 550.0
5600.0 52.655347569 -2.146195138497622e6 15013.768051030662 15013.768051030662 242272.3785512211 330400.0 560.0
5700.0 53.59036476690001 -2.147283418623524e6 14712.719404857364 14712.719404857364 238289.44018200124 336300.0 570.0
5800.0 54.551623961900006 -2.1483357598441434e6 14428.14888956258 14428.14888956258 234438.59168096454 342200.0 580.0
5900.0 55.507943692050006 -2.1493510067463615e6 14156.79895632864 14156.79895632864 230713.3666576063 348100.0 590.0
6000.0 56.4475398087 -2.1503312939277804e6 13901.619099697371 13901.619099697371 227107.74195256302 354000.0 600.0
6100.0 57.38546913579999 -2.1512822386574233e6 13656.794883225093 13656.794883225093 223616.0662251946 359900.0 610.0
6200.0 58.32395038510001 -2.1522110509082624e6 13420.452804157327 13420.452804157327 220232.97599387585 365800.0 620.0
6300.0 59.26985677040001 -2.153113197991413e6 13194.612835705571 13194.612835705571 216953.45602232974 371700.0 630.0
6400.0 60.22020640625001 -2.153992527595572e6 12978.355477385567 12978.355477385567 213772.82168797648 377600.0 640.0
6500.0 61.15136617555 -2.1548523717172453e6 12769.894964979636 12769.894964979636 210686.6544328277 383500.0 650.0
6600.0 62.09189578865001 -2.15569979380934e6 12565.246320081005 12565.246320081005 207690.74157377405 389400.0 660.0
6700.0 63.02133083615003 -2.156533485456246e6 12365.457999050423 12365.457999050423 204781.1193222682 395300.0 670.0
6800.0 63.95795117014999 -2.1573490513566355e6 12172.888325207696 12172.888325207696 201954.07017387357 401200.0 680.0
6900.0 64.89435342875001 -2.158145147289761e6 11986.868854540697 11986.868854540697 199206.10724580567 407100.0 690.0
7000.0 65.82811221054999 -2.158921096336928e6 11808.491385629039 11808.491385629039 196533.9534996786 413000.0 700.0
7100.0 66.76699562075 -2.159676460305636e6 11636.128376325147 11636.128376325147 193934.50478104976 418900.0 710.0
7200.0 67.70258698994999 -2.16041392340331e6 11469.686143511715 11469.686143511715 191404.8170260408 424800.0 720.0
7300.0 68.6410527788 -2.1611345931332917e6 11311.197872451126 11311.197872451126 188942.12623592938 430700.0 730.0
7400.0 69.60410374825001 -2.1618379332022816e6 11158.75149143447 11158.75149143447 186543.809498764 436600.0 740.0
7500.0 70.5636564601 -2.1625304442588864e6 11010.689836285495 11010.689836285495 184207.36652862185 442500.0 750.0
7600.0 71.51558249050001 -2.163211677554064e6 10866.323958208457 10866.323958208457 181930.40901624065 448400.0 760.0
7700.0 72.45019106430001 -2.163880318042534e6 10726.649847562725 10726.649847562725 179710.6788169358 454300.0 770.0
7800.0 73.38921201845001 -2.164538446799194e6 10590.043198106188 10590.043198106188 177546.03068378766 460200.0 780.0
7900.0 74.328065108 -2.165186471647718e6 10456.10177705784 10456.10177705784 175434.39734401277 466100.0 790.0
8000.0 75.26065749275 -2.1658191709219464e6 10326.31703517218 10326.31703517218 173373.84979806625 472000.0 800.0
8100.0 76.1933490031 -2.1664423842983693e6 10198.136545348385 10198.136545348385 171362.52514484109 477900.0 810.0
8200.0 77.12257390865001 -2.16705049288431e6 10073.55925292614 10073.55925292614 169398.65873163586 483800.0 820.0
8300.0 78.05271185439999 -2.1676469624686935e6 9954.42166030143 9954.42166030143 167480.5979191591 489700.0 830.0
8400.0 78.99903130015 -2.168234758900714e6 9837.696906977046 9837.696906977046 165606.74732541924 495600.0 840.0
8500.0 79.94416754305 -2.1688086974293995e6 9726.056358985765 9726.056358985765 163775.5987793389 501500.0 850.0
8600.0 80.88702720145001 -2.1693759691365105e6 9616.038452393117 9616.038452393117 161985.70144283428 507400.0 860.0
8700.0 81.82872344660002 -2.169938651034882e6 9507.239241036907 9507.239241036907 160235.64902434847 513300.0 870.0
8800.0 82.76801151944998 -2.1704944195175488e6 9400.061182297424 9400.061182297424 158524.09881213974 519200.0 880.0
8900.0 83.69909522960002 -2.1710421573259914e6 9294.346218906474 9294.346218906474 156849.77375863283 525100.0 890.0
9000.0 84.65443425075 -2.1715798793939324e6 9192.458817278579 9192.458817278579 155211.4621714155 531000.0 900.0
9100.0 85.6025080427 -2.172109236272266e6 9091.398661994519 9091.398661994519 153608.00837566523 536900.0 910.0
9200.0 86.53869240915002 -2.1726310435542786e6 8992.988059566846 8992.988059566846 152038.2885059813 542800.0 920.0
9300.0 87.5006840893 -2.1731417448352296e6 8899.649058864274 8899.649058864274 150501.26410871517 548700.0 930.0
9400.0 88.44210355085 -2.1736464766951194e6 8808.74131069506 8808.74131069506 148995.93155241723 554600.0 940.0
9500.0 89.3865456513 -2.174141728620001e6 8719.674403283047 8719.674403283047 147521.312146243 560500.0 950.0
9600.0 90.3295522934 -2.1746325659910557e6 8631.111037645038 8631.111037645038 146076.4588485707 566400.0 960.0
9700.0 91.29225419320002 -2.175117113473577e6 8543.737456935367 8543.737456935367 144660.46263370715 572300.0 970.0
9800.0 92.232438037 -2.1755960602097097e6 8457.676222168351 8457.676222168351 143272.44586539918 578200.0 980.0
9900.0 93.18721335635 -2.176069484389927e6 8372.967526051627 8372.967526051627 141911.58705232077 584100.0 990.0
10000.0 94.15470871195001 -2.176536350424665e6 8290.228643020015 8290.228643020015 140577.0808779874 590000.0 1000.0
