iter time primal d dmin davg lmo1 lmo2
0.0 0.0 -2672.961646582776 2.5200547219434907e6 2.5200547219434907e6 2.5200547219434907e6 0.0 0.0
100.0 1.3445109693000001 -778135.007353747 811101.2334563428 811101.2334563428 1.3988067194680297e6 30000.0 20.0
200.0 2.64737171405 -1.3849104111698966e6 464979.79998773226 464979.79998773226 1.0181211931349508e6 60000.0 40.0
300.0 3.9204388414 -1.8532309357635912e6 183340.33012778618 183340.33012778618 783388.0127284209 90000.0 60.0
400.0 5.1727173203 -2.0081606352842343e6 82750.99117854219 82750.99117854219 619680.1672554958 120000.0 80.0
500.0 6.525107568699999 -2.0642934454400048e6 49973.232150437696 49973.232150437696 509448.8542321645 150000.0 100.0
600.0 7.803466524649998 -2.0927113595900792e6 35551.24629541536 35551.24629541536 432112.9678461292 180000.0 120.0
700.0 9.05955002825 -2.110442559336526e6 27631.006867971948 27631.006867971948 375226.4773473068 210000.0 140.0
800.0 10.401071457999999 -2.12289728344131e6 22658.19244177016 22658.19244177016 331701.1355215295 240000.0 160.0
900.0 11.6589918954 -2.1322239212122466e6 19347.096842252424 19347.096842252424 297349.65878787474 270000.0 180.0
1000.0 12.950543454249999 -2.13963397147928e6 17005.649771210934 17005.649771210934 269559.2118098616 300000.0 200.0
1100.0 14.280858273149999 -2.1458249952084757e6 15211.318531002926 15211.318531002926 246614.9015083275 330000.0 220.0
1200.0 15.583230426749997 -2.1511107839195966e6 13790.867466490707 13790.867466490707 227347.31473341177 360000.0 240.0
1300.0 16.88889998525 -2.155717151641938e6 12647.701735215538 12647.701735215538 210935.4071332313 390000.0 260.0
1400.0 18.246714051750004 -2.1597816579370704e6 11697.999149661144 11697.999149661144 196786.0505291212 420000.0 280.0
1500.0 19.50936781025 -2.1634179976314413e6 10882.032880116787 10882.032880116787 184458.51183637488 450000.0 300.0
1600.0 20.8572235989 -2.166690029286608e6 10192.69601255827 10192.69601255827 173620.65494246685 480000.0 320.0
1700.0 22.1401206546 -2.1696720692957607e6 9605.69194779632 9605.69194779632 164016.92338027526 510000.0 340.0
1800.0 23.48001519395 -2.172440377723845e6 9085.995392394383 9085.995392394383 155447.00158819213 540000.0 360.0
1900.0 24.750615208100005 -2.1750010960296793e6 8610.960028520713 8610.960028520713 147750.68958395475 570000.0 380.0
2000.0 26.071232950800002 -2.1773755915087652e6 8186.461307558139 8186.461307558139 140799.75619591438 600000.0 400.0
2100.0 27.398898810299993 -2.1795837762221834e6 7811.28716463803 7811.28716463803 134490.321928413 630000.0 420.0
2200.0 28.68643757075 -2.1816490218077726e6 7479.23672469365 7479.23672469365 128737.18544276684 660000.0 440.0
2300.0 29.995964882050004 -2.1835904594288687e6 7172.86378438392 7172.86378438392 123469.52522622113 690000.0 460.0
2400.0 31.292939236749998 -2.185432353199062e6 6893.748706617413 6893.748706617413 118627.68963588732 720000.0 480.0
2500.0 32.59238576665 -2.187192867634982e6 6635.349239829392 6635.349239829392 114161.78767830427 750000.0 500.0
2600.0 33.90053793235 -2.188860133378004e6 6394.718909090251 6394.718909090251 110029.14216448553 780000.0 520.0
2700.0 35.211981832000006 -2.1904255807473515e6 6179.270076619253 6179.270076619253 106193.6905508911 810000.0 540.0
2800.0 36.5315150208 -2.1919357916242974e6 5973.835068134615 5973.835068134615 102624.29338358555 840000.0 560.0
2900.0 37.848717603749996 -2.1933882292059544e6 5778.981494021607 5778.981494021607 99293.7255586373 870000.0 580.0
3000.0 39.101724464300005 -2.1947871004664293e6 5589.051043024509 5589.051043024509 96178.39043069493 900000.0 600.0
3100.0 40.43155317675 -2.196118996823313e6 5410.577720824548 5410.577720824548 93257.79810488076 930000.0 620.0
3200.0 41.734841179 -2.197397936071262e6 5243.105554688613 5243.105554688613 90514.09480389884 960000.0 640.0
3300.0 43.04675906440001 -2.198642999526938e6 5074.5069067942695 5074.5069067942695 87931.36735512121 990000.0 660.0
3400.0 44.337048407750004 -2.1998453053129176e6 4905.320559695492 4905.320559695492 85495.37042232133 1.02e6 680.0
3500.0 45.63559694800001 -2.200987284693417e6 4746.89410208689 4746.89410208689 83193.67779470608 1.05e6 700.0
3600.0 46.9587422607 -2.2020697109206985e6 4610.643501436038 4610.643501436038 81015.58539829195 1.08e6 720.0
3700.0 48.27800008510001 -2.20312382781238e6 4475.358332429737 4475.358332429737 78951.47514326543 1.11e6 740.0
3800.0 49.55203499005001 -2.204128852301406e6 4349.140893492233 4349.140893492233 76992.38930726104 1.14e6 760.0
3900.0 50.8481733866 -2.2050977887669713e6 4228.759125357284 4228.759125357284 75130.50049942026 1.17e6 780.0
4000.0 52.12912905750001 -2.2060371945634256e6 4105.80909778764 4105.80909778764 73358.56759362192 1.2e6 800.0
4100.0 53.44434598315 -2.2069450032884935e6 3989.288669372278 3989.288669372278 71670.02897169889 1.23e6 820.0
4200.0 54.702911857550006 -2.2078095153798307e6 3886.2519287034493 3886.2519287034493 70059.21419913467 1.26e6 840.0
4300.0 56.029701931649996 -2.2086402348307353e6 3792.582349634036 3792.582349634036 68520.93493932967 1.29e6 860.0
4400.0 57.312304276350005 -2.2094464349819166e6 3704.2826228309445 3704.2826228309445 67050.44874187234 1.32e6 880.0
4500.0 58.596634461600004 -2.210235923816873e6 3613.9800976928664 3613.9800976928664 65643.27491031446 1.35e6 900.0
4600.0 59.86581175370001 -2.2109976625552555e6 3521.3634727044564 3521.3634727044564 64295.20839261786 1.38e6 920.0
4700.0 61.13824491775 -2.211728240620065e6 3439.237030363988 3439.237030363988 63002.602060673926 1.41e6 940.0
4800.0 62.4718151561 -2.212441916473946e6 3354.4336560848265 3354.4336560848265 61762.067895563036 1.44e6 960.0
4900.0 63.78195501694999 -2.21314124006011e6 3265.181398936398 3265.181398936398 60570.3287340995 1.47e6 980.0
5000.0 65.0625927724 -2.213816053583921e6 3181.85232600839 3181.85232600839 59424.480358598084 1.5e6 1000.0
5100.0 66.34473486345 -2.214462410107287e6 3104.8635728525833 3104.8635728525833 58321.96283552358 1.53e6 1020.0
5200.0 67.623664863 -2.215092274326805e6 3031.346512106204 3031.346512106204 57260.36425239703 1.56e6 1040.0
5300.0 68.9187208037 -2.215696364163088e6 2967.6820650040386 2967.6820650040386 56237.50453815522 1.59e6 1060.0
5400.0 70.2516080638 -2.216292010149607e6 2901.0205056430696 2901.0205056430696 55251.29977402567 1.62e6 1080.0
5500.0 71.51729344775 -2.216872578273306e6 2834.4348390578907 2834.4348390578907 54299.714365143125 1.65e6 1100.0
5600.0 72.83829687869999 -2.2174356170186386e6 2768.1461039904325 2768.1461039904325 53380.87472100107 1.68e6 1120.0
5700.0 74.1557402678 -2.2179817640197254e6 2707.2203421649083 2707.2203421649083 52493.153551405914 1.71e6 1140.0
5800.0 75.45704008625 -2.21851370079659e6 2647.3757333595577 2647.3757333595577 51634.967486045316 1.74e6 1160.0
5900.0 76.76691968840001 -2.219027303303892e6 2591.0934825461277 2591.0934825461277 50804.87235348883 1.77e6 1180.0
6000.0 78.1158723038 -2.21952964065696e6 2539.43859926491 2539.43859926491 50001.52008952266 1.8e6 1200.0
6100.0 79.42024186945 -2.22001852366709e6 2489.7109927178944 2489.7109927178944 49223.66444564268 1.83e6 1220.0
6200.0 80.7057148486 -2.220494568596708e6 2441.0993673276694 2441.0993673276694 48470.08642956833 1.86e6 1240.0
6300.0 82.0183264124 -2.220963469897258e6 2390.228093297016 2390.228093297016 47739.620434115895 1.89e6 1260.0
6400.0 83.32185356374998 -2.2214189273000523e6 2342.6976877245315 2342.6976877245315 47031.20028103949 1.92e6 1280.0
6500.0 84.6209114699 -2.221868723801021e6 2292.8666477985075 2292.8666477985075 46343.806741153276 1.95e6 1300.0
6600.0 85.9618576935 -2.222310112992967e6 2242.6784575614465 2242.6784575614465 45676.48077584197 1.98e6 1320.0
6700.0 87.26976749465 -2.2227360697297426e6 2192.7703484706553 2192.7703484706553 45028.30964317886 2.01e6 1340.0
6800.0 88.57617998585 -2.223147857948785e6 2143.5416222889967 2143.5416222889967 44398.45611465191 2.04e6 1360.0
6900.0 89.8520363511 -2.223547880898011e6 2096.596381512095 2096.596381512095 43786.151672661836 2.07e6 1380.0
7000.0 91.1442444519 -2.22393605305767e6 2051.640621093057 2051.640621093057 43190.66787133152 2.1e6 1400.0
7100.0 92.45173071830001 -2.2243126960041844e6 2010.549432546752 2010.549432546752 42611.34363398171 2.13e6 1420.0
7200.0 93.75541402145001 -2.2246731406422453e6 1972.0914723634046 1972.0914723634046 42047.555456162794 2.16e6 1440.0
7300.0 95.04308403895001 -2.225033114509602e6 1932.9739894567806 1932.9739894567806 41498.67266687032 2.19e6 1460.0
7400.0 96.32582827844999 -2.225386015188806e6 1896.3598784476267 1896.3598784476267 40964.09823235043 2.22e6 1480.0
7500.0 97.64939646709999 -2.225729748690166e6 1860.9826574337026 1860.9826574337026 40443.294448812216 2.25e6 1500.0
7600.0 98.9470011109 -2.226066430687315e6 1826.1804041479543 1826.1804041479543 39935.727385068094 2.28e6 1520.0
7700.0 100.20735684134999 -2.2263909901936366e6 1793.5644336177888 1793.5644336177888 39440.89356330676 2.31e6 1540.0
7800.0 101.5711443186 -2.226705872370255e6 1762.2293053463823 1762.2293053463823 38958.32480251531 2.34e6 1560.0
7900.0 102.8356166388 -2.227014160805463e6 1735.6867023286427 1735.6867023286427 38487.610924754976 2.37e6 1580.0
8000.0 104.1626903598 -2.2273152074968303e6 1710.7776228566865 1710.7776228566865 38028.332933747835 2.4e6 1600.0
8100.0 105.46973786785 -2.227614132448e6 1685.101536856934 1685.101536856934 37580.08253767411 2.43e6 1620.0
8200.0 106.7530167541 -2.2279061509096026e6 1659.0117259108015 1659.0117259108015 37142.435403670155 2.46e6 1640.0
8300.0 108.05389672004999 -2.2281941705246787e6 1634.529006681539 1634.529006681539 36715.0309082434 2.49e6 1660.0
8400.0 109.37386155274999 -2.2284804988282425e6 1605.3617360281996 1605.3617360281996 36297.47823867749 2.52e6 1680.0
8500.0 110.6877939215 -2.228765643448284e6 1573.369233574375 1573.369233574375 35889.375094794406 2.55e6 1700.0
8600.0 111.974718314 -2.229037864411577e6 1543.3555354312953 1543.3555354312953 35490.400164621125 2.58e6 1720.0
8700.0 113.25084088234999 -2.2293069667550167e6 1512.7808651209393 1512.7808651209393 35100.244504103815 2.61e6 1740.0
8800.0 114.53529860165001 -2.22956660863337e6 1482.9848342689063 1482.9848342689063 34718.60640433122 2.64e6 1760.0
8900.0 115.8266568457 -2.229821724004462e6 1450.5409589093977 1450.5409589093977 34345.192916523505 2.67e6 1780.0
9000.0 117.13203986879998 -2.2300656104889065e6 1417.556949832428 1417.556949832428 33979.7018703734 2.7e6 1800.0
9100.0 118.54260978180002 -2.2303020746414405e6 1388.0910554763932 1388.0910554763932 33621.90257208503 2.73e6 1820.0
9200.0 119.80714767110001 -2.2305354974611877e6 1358.4376562325272 1358.4376562325272 33271.55754683707 2.76e6 1840.0
9300.0 121.08663014305003 -2.2307604833304733e6 1330.744453496277 1330.744453496277 32928.43229898488 2.79e6 1860.0
9400.0 122.38719111720002 -2.230979396841096e6 1303.941343936921 1303.941343936921 32592.31425694619 2.82e6 1880.0
9500.0 123.67083933615001 -2.231195318725091e6 1278.0803338037426 1278.0803338037426 32262.993182409704 2.85e6 1900.0
9600.0 124.94698073120003 -2.231404192244034e6 1254.0112997459132 1254.0112997459132 31940.26576790948 2.88e6 1920.0
9700.0 126.32059074279998 -2.231603669060757e6 1232.7458277583241 1232.7458277583241 31623.958705689107 2.91e6 1940.0
9800.0 127.59915191984999 -2.231797969389989e6 1213.7516150432186 1213.7516150432186 31313.89821275755 2.94e6 1960.0
9900.0 128.90728036065 -2.2319894946414377e6 1194.9380041298666 1194.9380041298666 31009.912682024307 2.97e6 1980.0
10000.0 130.21049584155 -2.2321762494724104e6 1176.2284057773309 1176.2284057773309 30711.815090068638 3.0e6 2000.0
